shape: [b:1, f:1, x:64, y:6, z:1, w:1, u:1, v:1, g:1] (count: 384, original format: bfyx) raw data
1.000000
1.000000
1.000000
1.000000
1.000000
1.000000
1.000000
1.000000
1.000000
1.000000
1.000000
1.000000
1.000000
1.000000
1.000000
1.000000
1.000000
1.000000
1.000000
1.000000
1.000000
1.000000
1.000000
1.000000
1.000000
1.000000
1.000000
1.000000
1.000000
1.000000
1.000000
1.000000
1.000000
1.000000
1.000000
1.000000
1.000000
1.000000
1.000000
1.000000
1.000000
1.000000
1.000000
1.000000
1.000000
1.000000
1.000000
1.000000
1.000000
1.000000
1.000000
1.000000
1.000000
1.000000
1.000000
1.000000
1.000000
1.000000
1.000000
1.000000
1.000000
1.000000
1.000000
1.000000
0.540527
0.796387
0.912598
0.962891
0.984375
0.993164
0.997070
0.999023
0.999512
1.000000
1.000000
1.000000
1.000000
1.000000
1.000000
1.000000
1.000000
1.000000
1.000000
1.000000
1.000000
1.000000
1.000000
1.000000
1.000000
1.000000
1.000000
1.000000
1.000000
1.000000
1.000000
1.000000
0.540527
0.796387
0.912598
0.962891
0.984375
0.993164
0.997070
0.999023
0.999512
1.000000
1.000000
1.000000
1.000000
1.000000
1.000000
1.000000
1.000000
1.000000
1.000000
1.000000
1.000000
1.000000
1.000000
1.000000
1.000000
1.000000
1.000000
1.000000
1.000000
1.000000
1.000000
1.000000
-0.416260
0.268555
0.665039
0.853516
0.937500
0.973633
0.988770
0.995117
0.998047
0.999023
0.999512
1.000000
1.000000
1.000000
1.000000
1.000000
1.000000
1.000000
1.000000
1.000000
1.000000
1.000000
1.000000
1.000000
1.000000
1.000000
1.000000
1.000000
1.000000
1.000000
1.000000
1.000000
-0.416260
0.268555
0.665039
0.853516
0.937500
0.973633
0.988770
0.995117
0.998047
0.999023
0.999512
1.000000
1.000000
1.000000
1.000000
1.000000
1.000000
1.000000
1.000000
1.000000
1.000000
1.000000
1.000000
1.000000
1.000000
1.000000
1.000000
1.000000
1.000000
1.000000
1.000000
1.000000
-0.990234
-0.368652
0.301270
0.681152
0.860840
0.940430
0.974609
0.989258
0.995605
0.998047
0.999023
0.999512
1.000000
1.000000
1.000000
1.000000
1.000000
1.000000
1.000000
1.000000
1.000000
1.000000
1.000000
1.000000
1.000000
1.000000
1.000000
1.000000
1.000000
1.000000
1.000000
1.000000
-0.990234
-0.368652
0.301270
0.681152
0.860840
0.940430
0.974609
0.989258
0.995605
0.998047
0.999023
0.999512
1.000000
1.000000
1.000000
1.000000
1.000000
1.000000
1.000000
1.000000
1.000000
1.000000
1.000000
1.000000
1.000000
1.000000
1.000000
1.000000
1.000000
1.000000
1.000000
1.000000
-0.653809
-0.855469
-0.115479
0.457520
0.757324
0.895020
0.955078
0.980957
0.992188
0.996582
0.998535
0.999512
0.999512
1.000000
1.000000
1.000000
1.000000
1.000000
1.000000
1.000000
1.000000
1.000000
1.000000
1.000000
1.000000
1.000000
1.000000
1.000000
1.000000
1.000000
1.000000
1.000000
-0.653809
-0.855469
-0.115479
0.457520
0.757324
0.895020
0.955078
0.980957
0.992188
0.996582
0.998535
0.999512
0.999512
1.000000
1.000000
1.000000
1.000000
1.000000
1.000000
1.000000
1.000000
1.000000
1.000000
1.000000
1.000000
1.000000
1.000000
1.000000
1.000000
1.000000
1.000000
1.000000
0.283691
-0.994629
-0.511719
0.199829
0.629883
0.837891
0.930664
0.970703
0.987305
0.994629
0.997559
0.999023
0.999512
1.000000
1.000000
1.000000
1.000000
1.000000
1.000000
1.000000
1.000000
1.000000
1.000000
1.000000
1.000000
1.000000
1.000000
1.000000
1.000000
1.000000
1.000000
1.000000
0.283691
-0.994629
-0.511719
0.199829
0.629883
0.837891
0.930664
0.970703
0.987305
0.994629
0.997559
0.999023
0.999512
1.000000
1.000000
1.000000
1.000000
1.000000
1.000000
1.000000
1.000000
1.000000
1.000000
1.000000
1.000000
1.000000
1.000000
1.000000
1.000000
1.000000
1.000000
1.000000
