shape: [b:1, f:6, x:64, y:14, z:1, w:1, u:1, v:1, g:1] (count: 5376, original format: bfyx) raw data
0.100708
-0.043365
0.141357
-0.138428
0.151123
-0.268066
-9.234375
-0.192383
10.679688
-2.664062
0.277344
11.921875
2.687500
0.007107
-0.176147
3.523438
-2.990234
7.519531
-7.460938
-1.923828
-1.148438
-1.062500
-3.574219
4.628906
-4.589844
2.156250
-5.800781
-0.455811
2.021484
1.243164
-0.500000
0.571289
-0.018372
0.119446
-0.004269
-0.141724
0.313232
-0.224121
-6.382812
0.098572
0.163818
4.062500
-0.147705
-10.343750
2.697266
-2.662109
-1.188477
8.179688
0.571289
3.042969
1.958008
-5.863281
4.609375
-4.218750
1.252930
-4.734375
10.554688
-4.648438
4.343750
2.929688
-0.663086
-1.172852
-0.730957
0.625977
-0.058838
0.063660
-0.031555
-0.010239
0.098572
-0.144531
12.234375
0.005569
-5.347656
-0.273926
0.039764
17.312500
8.359375
-2.085938
0.081116
-1.065430
-1.339844
2.658203
-12.601562
-3.769531
0.383545
-1.430664
-5.871094
5.855469
-3.501953
0.157837
-2.220703
-2.011719
-4.039062
1.241211
0.417969
0.832520
-0.104004
0.051666
-0.049133
0.030045
-0.062683
0.049286
23.140625
0.057404
-11.296875
2.183594
0.017410
4.113281
-3.949219
0.560547
0.296875
1.001953
-0.593750
0.287598
0.237671
-4.589844
-1.355469
0.423096
5.210938
3.001953
1.053711
0.299316
3.685547
2.003906
2.609375
1.607422
-1.098633
1.333008
0.524902
-0.159302
0.370361
-0.424561
0.421631
-0.407471
-15.296875
-0.341553
1.615234
-1.281250
0.324463
9.843750
3.158203
-1.223633
-0.146606
2.634766
-2.988281
4.457031
-6.875000
3.585938
-3.884766
-4.445312
0.042175
4.210938
-2.318359
2.210938
0.028336
6.269531
-2.089844
1.138672
0.760742
0.393311
-0.394775
0.427002
-0.236206
-0.144165
0.343750
-0.389893
14.687500
0.186035
-8.109375
3.349609
-0.076294
-2.531250
-0.238159
-2.214844
-0.723145
6.054688
0.555176
0.796875
0.341064
-4.683594
5.175781
-2.482422
0.065918
1.959961
-2.146484
2.746094
3.666016
2.050781
2.277344
0.130493
-0.639648
0.848145
0.201538
-0.050842
0.151855
0.030441
0.007572
-0.067932
-6.414062
0.021317
3.693359
-5.062500
0.054169
-11.210938
3.083984
0.838867
0.122192
5.789062
-0.390625
-5.253906
-3.031250
2.128906
10.992188
-1.324219
-1.492188
3.785156
-17.906250
2.658203
-0.864258
-4.281250
-1.676758
1.040039
1.337891
1.323242
-0.179688
0.124207
0.117004
-0.044312
0.055298
-0.090332
-11.078125
0.027908
5.933594
-2.865234
0.022751
16.984375
1.918945
-2.048828
-0.882324
8.414062
7.382812
2.023438
-5.882812
-2.931641
1.377930
-1.913086
8.234375
7.089844
4.304688
-1.279297
2.058594
1.850586
3.037109
0.903809
-0.901855
0.278564
0.033264
-0.048767
0.050171
-0.039917
0.134033
-0.208984
7.218750
-0.058441
16.656250
0.081970
0.071533
10.289062
6.574219
0.778809
0.383789
-1.202148
-4.812500
7.199219
-4.281250
-1.047852
7.144531
-0.936035
4.523438
-1.400391
-2.412109
-0.638672
-0.135254
-6.402344
2.927734
1.647461
1.794922
2.937500
-0.004139
0.019989
0.044617
-0.016159
0.150879
-0.153198
-10.781250
0.068604
0.193359
7.441406
-0.004642
-20.843750
-1.786133
-2.476562
-1.439453
9.937500
-1.658203
2.833984
4.164062
-5.882812
0.978027
-2.812500
1.204102
-2.464844
12.437500
-6.054688
1.009766
0.613770
2.441406
0.085205
-2.476562
1.645508
2.291016
-2.994141
4.593750
-5.644531
7.371094
-4.062500
-1.363281
-1.619141
1.038086
-2.103516
2.328125
-0.137939
-0.550781
0.329590
1.027344
-1.765625
1.720703
3.302734
3.296875
-0.711426
0.485596
-1.595703
-2.259766
1.458008
-2.287109
1.226562
1.712891
0.197510
1.208984
0.816895
0.181519
1.055664
1.255859
5.187500
-3.220703
-0.566895
0.103149
-0.758301
1.394531
2.623047
2.195312
-0.523438
0.010071
2.152344
0.907227
-0.602539
-0.748047
-1.360352
1.578125
-1.494141
-0.458496
-1.441406
1.844727
-0.218384
-1.943359
-1.328125
3.437500
-1.688477
1.070312
1.027344
1.324219
-0.436035
-0.807129
0.552734
0.828613
-0.336670
0.652344
-1.054688
1.641602
-1.077148
0.840332
-0.476562
10.640625
-0.860840
0.697266
-6.335938
-1.604492
0.296631
0.096558
-1.120117
-1.242188
3.873047
6.164062
0.154053
0.684082
-0.202759
1.211914
5.996094
0.015221
2.142578
-0.419678
-0.855469
-0.086609
0.142090
0.897949
0.526855
0.017227
0.737793
-0.626953
-0.148560
0.425293
-0.458252
3.582031
0.357178
23.250000
6.406250
-0.588867
10.359375
1.759766
-2.554688
-1.771484
4.597656
0.645508
-0.629395
0.736328
-3.390625
1.666016
-2.251953
-0.233154
2.650391
1.872070
1.506836
0.513184
0.389893
1.419922
-0.583496
-0.475586
0.257324
-0.862305
-0.419678
1.377930
0.701172
1.346680
0.312256
-0.073669
-9.625000
0.175293
0.315918
-0.587402
1.248047
-33.218750
0.830078
-0.934082
1.021484
1.075195
-2.515625
0.399658
-3.591797
-6.562500
1.879883
-1.936523
-5.089844
1.036133
3.375000
1.424805
-2.251953
2.568359
-0.433105
-0.387939
-1.393555
0.241211
0.891602
-0.435059
-0.245728
-0.118652
1.165039
1.759766
-20.953125
0.046173
-0.348389
-0.279053
-0.111328
7.378906
0.120300
1.206055
0.136719
-0.088318
1.804688
-7.730469
0.739746
1.221680
3.035156
-2.193359
5.574219
0.254395
0.842285
-5.343750
-1.793945
1.980469
0.909180
1.700195
-0.556152
-0.001086
-0.003561
0.010895
-0.063293
-0.030777
0.044067
-0.016129
-0.599609
-0.018280
1.039062
-0.047272
1.746094
2.761719
1.402344
-3.388672
0.135986
-0.203247
-12.562500
-7.886719
10.562500
-14.640625
-1.901367
-17.921875
27.609375
9.265625
-1.434570
4.406250
-5.175781
4.835938
-2.023438
-1.170898
-1.791016
0.004818
-0.003035
0.007233
-0.031982
0.047699
-0.153076
-0.035400
-1.730469
-0.062103
2.550781
0.041656
0.133545
-0.798340
0.216064
1.229492
-0.024094
2.005859
-20.828125
-10.359375
2.931641
-12.773438
-0.887207
-14.703125
-2.412109
-35.968750
12.476562
-6.949219
0.140259
5.003906
-0.648438
2.541016
-0.801758
-0.017242
0.004242
0.134521
0.059631
0.319824
-0.225708
0.089661
-2.613281
-0.050385
13.460938
-0.085754
-8.609375
-5.371094
-0.580078
-0.793457
-0.004684
-2.609375
7.625000
-0.710449
4.285156
-8.132812
-6.886719
5.867188
9.953125
-6.234375
9.632812
6.656250
-6.078125
6.140625
-1.079102
-0.664062
-1.354492
-0.027695
0.054718
-0.117493
0.077087
0.020645
0.402832
0.239868
0.313721
-0.084595
-26.671875
0.007523
2.027344
4.492188
0.530762
-2.396484
0.258545
-4.468750
3.404297
1.426758
-2.650391
-6.050781
5.000000
-10.218750
-4.796875
128.625000
1.717773
-17.546875
0.034576
5.148438
2.253906
3.691406
-1.428711
-0.083862
0.072632
0.091919
0.530762
0.095886
-0.081970
-0.020126
6.093750
0.550293
-15.367188
-0.579590
1.145508
1.908203
-0.693359
-40.062500
1.801758
-0.635254
-4.824219
4.792969
-8.304688
4.480469
4.406250
23.921875
-1.503906
-4.582031
-1.748047
-0.438232
-0.960938
1.186523
0.219238
-1.402344
-0.741211
0.022995
0.129761
-0.286865
0.170166
-0.522949
0.483643
0.899902
1.451172
-0.336182
-5.289062
-0.142334
9.882812
-3.148438
1.878906
16.718750
-0.429443
-4.890625
-7.457031
-0.953613
7.464844
-4.128906
4.566406
10.710938
5.054688
23.015625
4.757812
-1.318359
0.070129
-0.139648
-0.733887
0.672363
-0.433838
0.057953
0.050964
-0.115417
0.090637
0.049377
-0.116638
0.060638
0.719238
0.181274
-2.343750
-0.146729
0.071838
-1.427734
0.141724
-7.375000
-0.131226
-6.386719
-2.359375
-3.552734
1.639648
2.923828
-7.144531
19.000000
-3.480469
8.445312
7.031250
5.316406
-2.750000
3.011719
-1.348633
-0.431641
-1.335938
0.021896
-0.062622
-0.022827
-0.064209
-0.095825
0.222412
0.306641
-4.476562
-0.229614
0.827637
0.018250
0.538086
0.288818
1.414062
3.468750
0.067871
-1.537109
-11.023438
-1.974609
-2.228516
9.742188
-1.633789
-10.007812
-3.740234
-60.562500
-7.453125
-7.863281
-2.681641
1.305664
-0.373291
2.337891
-1.234375
0.052979
-1.025391
8.625000
8.476562
4.816406
0.941895
8.304688
-1.199219
0.685059
4.449219
2.302734
-1.014648
-11.226562
-1.999023
2.656250
2.886719
1.968750
-0.089355
6.917969
-4.558594
-6.968750
-3.203125
-4.507812
-3.546875
4.648438
-0.402588
2.646484
-2.121094
2.083984
1.599609
0.558105
-0.075684
-0.314453
-0.027176
-1.398438
7.031250
-10.773438
12.343750
8.179688
8.054688
-12.742188
-2.263672
8.539062
-0.880859
-0.216064
0.078857
-3.619141
1.155273
3.992188
-3.722656
-3.783203
-4.281250
0.448242
2.480469
-5.312500
-0.708008
6.796875
4.605469
-2.234375
-1.949219
2.248047
-0.162964
2.019531
-2.087891
0.047821
-0.006641
-0.120422
0.049103
0.040039
0.063110
0.111694
0.405273
-0.074036
8.562500
0.175659
-0.277588
-2.283203
-0.307129
2.345703
0.513672
-29.062500
-12.015625
11.875000
-2.617188
14.437500
1.220703
-32.500000
-12.914062
-66.562500
8.601562
18.406250
-13.820312
17.687500
-3.673828
-7.382812
-6.875000
-0.022476
-0.105835
0.012405
-0.084473
-0.117920
-0.004612
-0.021912
-0.823730
0.036804
1.354492
0.088989
-3.716797
0.137573
1.015625
8.898438
-0.733398
-46.250000
-4.902344
5.363281
-4.867188
14.640625
-22.828125
9.015625
-2.789062
10.125000
26.468750
-20.000000
-12.359375
1.778320
7.910156
10.554688
-4.757812
11.835938
-10.343750
10.703125
-3.396484
1.704102
-0.809082
-0.093628
-18.406250
0.326660
0.135864
29.812500
-0.123108
0.348145
-3.105469
15.468750
-5.953125
9.757812
3.740234
1.335938
-13.125000
1.989258
-15.718750
1.504883
7.359375
-4.093750
16.671875
12.781250
-2.273438
18.468750
57.593750
16.125000
60.562500
1.454102
6.945312
-0.102478
-10.187500
6.660156
-8.234375
0.093445
6.207031
0.035980
0.551758
-8.507812
-0.022964
-0.869141
-4.078125
-23.703125
-3.535156
9.734375
-8.289062
-0.479736
-6.453125
10.390625
-7.191406
-14.390625
-10.453125
6.644531
-13.187500
20.812500
34.375000
22.328125
-18.296875
-74.500000
60.437500
-22.625000
-13.312500
8.640625
1.491211
6.753906
-5.746094
-5.257812
-0.034149
11.585938
-0.050476
-12.281250
-0.292236
-0.551270
2.128906
-0.386719
33.625000
0.168945
-0.812012
1.922852
-12.007812
-3.582031
-1.022461
-0.333008
-12.789062
0.046295
22.140625
19.156250
-61.250000
48.125000
-40.156250
-66.375000
-152.250000
-17.843750
17.250000
-3.068359
9.187500
0.830078
1.697266
3.335938
-0.388184
-5.222656
-0.302979
-5.437500
0.715332
0.469482
0.158447
0.750977
1.473633
0.722168
-0.934570
-5.250000
1.103516
2.353516
12.421875
-4.273438
-1.138672
-0.504883
12.679688
-26.875000
-36.406250
31.875000
95.562500
98.312500
-116.625000
0.011520
0.019958
-0.000167
-0.036133
0.015419
-0.023193
-0.009911
-0.023285
-0.012917
0.016205
-0.027618
0.033875
0.015915
0.033661
0.075928
0.000870
-0.008842
0.013420
-0.000496
0.002850
0.000514
0.038971
-0.033966
0.038330
0.011848
-0.007748
0.014236
-0.015106
0.007797
0.012291
-0.013733
-0.029282
0.017990
-0.020172
-0.010605
0.062988
-0.015640
-0.009399
-0.032623
0.012772
-0.013435
0.001254
-0.012558
-0.030289
0.018204
0.018967
-0.009178
0.037811
-0.018082
0.008362
0.008469
-0.009651
0.022476
-0.017349
0.009972
0.055695
-0.026947
-0.006367
-0.013130
0.030197
0.038330
-0.023392
-0.024704
-0.100220
-0.010735
-0.017624
0.041382
-0.012291
-0.010742
-0.010406
-0.032776
0.022644
0.041931
-0.004837
-0.025055
-0.002886
0.000566
-0.006248
0.046692
-0.014816
0.009354
0.032837
-0.010864
0.021225
0.013588
-0.003393
0.082275
0.006008
0.023621
0.008202
-0.007511
-0.017151
0.009979
0.070251
0.007530
-0.009392
-0.017807
-0.020767
0.003105
0.006706
-0.005882
-0.023239
-0.002480
-0.014130
-0.011253
0.012993
-0.029739
0.001751
0.026062
0.018723
-0.006054
0.008446
-0.010429
0.008751
0.032135
0.023148
-0.002411
-0.023209
-0.006702
0.037628
0.011810
0.011398
0.000066
0.038422
-0.022797
-0.012062
-0.017670
0.013512
-0.077759
-0.084900
0.092651
-0.087036
0.240967
-0.303955
-11.289062
-0.364258
11.796875
-4.253906
0.295898
12.265625
2.527344
0.983887
0.022064
3.462891
-2.060547
7.109375
-8.554688
-2.238281
-1.460938
-0.735352
-2.984375
5.789062
-3.771484
1.655273
-5.765625
-0.060944
1.709961
1.948242
-0.410400
0.072632
0.125732
-0.051300
0.029083
-0.143921
0.438232
-0.303467
-7.601562
0.099609
1.510742
4.214844
-0.030518
-9.242188
2.867188
-2.865234
-1.044922
6.109375
-0.131470
2.166016
0.602539
-6.257812
6.242188
-4.863281
1.208984
-4.347656
10.726562
-5.597656
4.875000
3.613281
-1.490234
-0.708984
-0.330322
0.055573
0.012543
0.099976
-0.053406
-0.093262
0.193604
-0.242432
12.093750
0.019638
-5.781250
1.291016
0.154663
16.609375
8.679688
-2.802734
-0.017456
-1.352539
-1.488281
2.572266
-13.796875
-4.281250
0.863281
-1.673828
-4.796875
6.429688
-3.171875
-0.168091
-2.492188
-2.363281
-3.365234
1.757812
0.507812
0.823730
-0.047241
0.050415
-0.153564
0.122986
-0.214478
0.156860
22.312500
0.196655
-11.359375
2.166016
-0.031830
4.410156
-5.378906
0.650879
0.493652
0.796875
-0.579102
-0.173218
1.098633
-4.480469
-0.777344
0.274902
4.378906
2.753906
1.364258
0.341309
4.109375
2.333984
2.277344
2.068359
-0.687012
0.681641
1.119141
-0.427979
0.708008
-0.822754
0.932617
-0.639648
-17.296875
-0.579590
1.924805
-0.767578
0.593750
8.664062
2.812500
-2.335938
-0.403564
3.113281
-3.365234
4.445312
-5.640625
3.011719
-4.773438
-3.875000
0.589355
3.091797
-3.990234
3.136719
1.109375
5.148438
-1.560547
1.102539
1.510742
0.986816
-0.463867
0.834961
-0.545410
-0.214233
0.452881
-0.392822
18.531250
0.242554
-10.343750
4.886719
-0.209229
-2.570312
-1.995117
-2.791016
-0.858398
5.656250
0.319092
-0.011551
0.454102
-4.785156
6.238281
-2.371094
1.263672
1.750977
-3.394531
3.070312
2.992188
2.269531
2.904297
-0.634277
-1.006836
0.954590
0.123047
-0.229126
0.139893
0.229370
-0.217773
0.085999
-6.441406
-0.034393
4.324219
-5.027344
0.127808
-11.718750
2.236328
0.828613
0.194702
6.687500
-0.397705
-4.632812
-1.706055
1.861328
11.234375
-1.116211
-1.550781
3.873047
-18.562500
2.806641
-0.632324
-5.089844
-1.712891
1.183594
1.019531
1.463867
0.261475
-0.173218
0.365967
-0.044769
0.103760
0.041779
-11.531250
-0.018509
5.750000
-3.511719
0.010284
17.984375
2.253906
-1.499023
-0.933594
8.234375
7.734375
2.050781
-6.343750
-2.371094
0.813477
-1.918945
8.000000
6.589844
4.460938
-1.490234
1.941406
2.191406
3.289062
0.826660
-0.756348
-0.106323
0.032379
0.059143
0.106323
-0.167725
0.240723
-0.320312
7.980469
-0.022293
17.750000
-1.443359
0.036774
8.617188
5.542969
0.148438
0.720215
-3.408203
-5.664062
6.886719
-4.367188
-0.926758
7.250000
0.098328
4.125000
-3.082031
-3.855469
-0.638184
-0.136719
-7.050781
2.992188
1.686523
2.201172
3.703125
-0.158569
0.162109
-0.152954
-0.029709
0.114014
-0.237549
-12.421875
0.135620
2.095703
8.125000
0.044220
-22.468750
-2.464844
-2.953125
-1.206055
12.085938
-1.636719
3.818359
4.375000
-5.292969
0.210693
-3.207031
1.012695
-4.480469
11.148438
-5.542969
-0.075623
-0.885254
3.210938
-0.521973
-3.230469
1.949219
3.781250
-1.583984
3.187500
-6.484375
7.816406
-4.164062
-2.927734
-0.980957
2.152344
-2.130859
2.066406
-1.251953
-1.597656
-0.302734
0.802734
-0.832031
2.328125
3.957031
3.562500
-2.998047
1.669922
-1.453125
-2.457031
-0.460693
-5.007812
1.302734
2.765625
2.033203
1.546875
1.658203
-0.215332
1.677734
3.082031
5.515625
-2.847656
0.604004
-0.524902
0.253174
1.714844
2.298828
2.703125
-0.647949
-0.172852
2.601562
0.140137
-0.416016
-1.155273
-0.733398
2.171875
-1.595703
0.246582
-0.921875
1.887695
0.204712
-2.318359
-2.468750
3.599609
-2.707031
1.010742
0.498291
2.183594
-0.738281
-0.985840
0.206177
1.405273
-0.480957
1.233398
-2.046875
3.142578
-1.833984
0.352539
-0.959473
12.328125
-0.960938
1.108398
-6.882812
-3.357422
1.065430
0.526855
-1.109375
-0.871094
3.201172
6.128906
-1.168945
0.899414
0.017654
1.723633
6.292969
0.007751
1.621094
-0.557617
-0.802734
0.093079
0.322021
0.634277
0.299316
0.271240
1.528320
-1.920898
-0.070129
0.845703
-0.040955
5.222656
0.682129
22.937500
7.152344
-0.737305
11.476562
2.085938
-3.376953
-2.449219
4.324219
0.911133
-0.489990
0.056793
-2.085938
2.148438
-1.943359
0.112244
1.821289
1.164062
1.303711
0.672363
0.238159
0.772949
-0.211182
-0.110535
0.279541
-0.875977
-0.540527
1.181641
0.583984
1.406250
0.218628
-0.074402
-8.546875
0.432129
4.753906
-0.142334
4.730469
-36.281250
0.177612
-3.226562
1.166016
2.464844
-1.529297
0.621582
-3.857422
-4.921875
2.525391
-1.652344
-7.683594
-0.012566
2.630859
1.952148
-1.630859
2.539062
-0.064087
-0.985352
-0.941406
0.201294
1.142578
-0.980957
-0.673340
0.421631
0.637695
2.189453
-20.062500
-0.080261
-1.104492
-0.528320
-0.221313
7.417969
2.373047
1.041016
0.457031
2.005859
0.053467
-9.125000
1.267578
-1.623047
0.019043
-2.404297
6.324219
1.448242
0.464600
-5.437500
-1.331055
1.387695
0.084351
1.631836
-0.282715
-0.008995
-0.021545
0.006390
0.007889
0.000720
0.000262
-0.038483
-0.366943
0.033417
1.449219
0.002296
1.193359
3.060547
0.971191
-3.271484
0.160522
-0.087036
-11.835938
-8.460938
11.187500
-15.734375
-3.082031
-19.125000
29.640625
10.078125
-4.339844
4.410156
-5.191406
4.687500
-2.134766
-2.509766
-0.877441
-0.008179
-0.018021
0.037903
-0.046631
0.010170
-0.049133
0.038574
-1.118164
-0.060059
3.048828
0.040222
-0.254150
-1.196289
1.001953
2.068359
-0.116638
1.411133
-21.390625
-10.835938
3.250000
-13.210938
-1.467773
-17.390625
-1.248047
-35.937500
11.539062
-6.382812
0.142212
5.558594
-0.081543
3.050781
-0.549805
-0.016144
-0.054749
0.167603
0.054932
0.364502
-0.032104
0.024002
-3.144531
-0.103088
13.859375
0.105591
-10.476562
-5.511719
-0.509766
1.245117
0.130127
-2.263672
8.703125
-0.543457
5.191406
-8.375000
-6.488281
6.441406
10.406250
-6.792969
8.617188
6.527344
-6.839844
6.906250
-0.520508
-0.768066
-1.479492
-0.007278
0.077576
-0.056305
0.006710
-0.069031
0.292236
0.058746
0.564453
-0.148438
-30.171875
0.076965
2.589844
4.996094
0.310547
-2.902344
0.006538
-4.898438
3.822266
2.107422
-2.669922
-6.589844
3.453125
-9.828125
-4.078125
130.375000
1.654297
-18.687500
0.483398
4.968750
1.825195
4.312500
-1.877930
0.015022
0.065063
-0.025406
0.236328
0.208862
-0.393066
-0.552246
4.890625
0.840820
-14.289062
-0.708496
1.972656
3.177734
-0.891602
-42.781250
2.666016
-0.259521
-3.669922
4.058594
-7.976562
3.906250
4.273438
23.906250
-2.080078
-4.644531
-2.525391
0.745605
-0.996582
2.093750
-0.016846
-1.486328
-0.471680
0.042114
0.015823
-0.142944
0.037018
-0.103821
0.363037
0.422363
4.753906
-0.154175
-6.011719
-0.409180
10.242188
-2.546875
1.788086
17.343750
-0.124146
-5.156250
-8.992188
-0.411621
7.214844
-6.281250
3.726562
9.648438
6.214844
21.859375
5.152344
-1.303711
-0.053802
-0.403564
-0.060394
0.901855
-0.601562
-0.029663
-0.044220
0.163696
-0.034851
0.270996
-0.383545
-0.345703
0.221924
0.405518
1.654297
-0.350586
-0.422363
-1.317383
-0.170532
-7.621094
-0.112488
-5.203125
-1.787109
-3.404297
1.238281
0.435059
-8.156250
19.125000
-3.001953
8.023438
5.132812
5.929688
-2.173828
3.201172
-0.814453
-1.738281
-0.522949
-0.011086
0.044617
0.038300
0.183472
0.032227
0.095032
0.206787
0.084045
0.058350
-0.184204
-0.408447
0.295166
-0.474609
1.183594
1.873047
0.452881
-3.355469
-10.851562
-1.886719
-3.242188
8.609375
-2.357422
-10.062500
-2.669922
-60.312500
-8.812500
-8.132812
-2.900391
1.210938
-0.273926
2.417969
-0.907715
0.245117
-2.324219
11.226562
9.906250
6.941406
3.253906
10.656250
-1.515625
2.072266
5.902344
3.455078
-0.052063
-12.718750
-1.614258
-0.116272
1.421875
2.103516
-0.168335
6.062500
-3.072266
-6.648438
-3.830078
-3.820312
-3.207031
5.191406
-0.657227
2.560547
-0.748535
1.692383
0.742188
0.882324
0.270752
0.144165
-0.391113
-1.906250
8.046875
-10.976562
11.531250
8.515625
13.078125
-12.687500
-2.171875
13.906250
-1.146484
0.048157
0.757812
-2.902344
-0.185181
2.412109
-3.517578
-3.912109
-3.859375
-0.593750
1.005859
-5.539062
0.153442
6.382812
3.843750
-1.110352
-2.302734
1.510742
-0.656738
0.635254
-0.671875
0.022446
0.139282
-0.254883
0.306152
0.120483
-0.164795
0.013649
-0.091431
0.176392
9.093750
-0.302734
-0.181274
-2.617188
0.384033
1.911133
0.607910
-28.968750
-13.210938
11.117188
-1.884766
14.859375
0.767090
-31.593750
-12.578125
-67.937500
8.625000
18.468750
-13.476562
17.015625
-4.085938
-8.265625
-7.230469
0.131226
-0.066833
-0.256592
-0.146729
-0.469482
0.390625
0.412598
-1.343750
-0.330322
1.778320
-0.013512
-5.097656
-0.202637
0.436523
10.539062
-0.612305
-45.250000
-4.007812
5.683594
-5.062500
14.875000
-23.515625
9.148438
-3.300781
10.906250
25.453125
-19.843750
-13.484375
1.515625
8.617188
10.718750
-4.230469
11.609375
-10.710938
11.140625
-3.255859
1.719727
-0.436035
-0.070618
-18.921875
0.279541
-0.440918
29.093750
0.054596
0.784180
-2.535156
15.437500
-6.191406
10.632812
3.628906
1.087891
-13.335938
1.550781
-15.710938
1.710938
7.195312
-3.972656
16.687500
12.414062
-1.883789
18.343750
59.875000
15.546875
59.312500
1.942383
7.101562
0.797852
-10.507812
7.265625
-9.289062
0.096497
6.296875
0.027985
0.600098
-8.093750
0.159302
-0.520020
-3.685547
-23.125000
-3.695312
9.695312
-7.726562
-0.757324
-6.472656
10.054688
-7.339844
-13.960938
-10.367188
6.683594
-13.492188
20.765625
34.312500
21.718750
-17.765625
-72.437500
58.000000
-20.625000
-12.367188
8.648438
2.044922
6.140625
-5.902344
-5.695312
0.078247
13.750000
0.071777
-14.593750
0.422119
-0.482910
1.918945
-0.431152
34.000000
0.416260
-1.258789
2.054688
-11.976562
-4.152344
-0.784668
-0.510742
-13.304688
-0.299805
21.890625
19.000000
-60.750000
47.843750
-36.218750
-67.125000
-150.250000
-15.703125
16.875000
-3.070312
10.617188
1.431641
0.062347
3.880859
-0.529785
-6.750000
0.158447
-4.976562
0.066772
-0.145630
-1.319336
0.862305
-0.212036
0.835449
-0.789062
-5.128906
0.729492
2.464844
12.406250
-4.277344
-1.639648
-0.327148
13.000000
-26.687500
-36.156250
32.312500
97.000000
99.437500
-118.937500
-0.038971
0.002480
0.040710
-0.070862
-0.023102
0.011162
-0.015717
0.036377
-0.009254
-0.019791
0.001808
0.017944
-0.000351
-0.013191
-0.025406
-0.016541
-0.052887
-0.007286
-0.001199
0.016113
0.013496
0.012993
-0.001126
0.124817
-0.001854
-0.082214
-0.004234
-0.024048
-0.015152
0.041382
-0.025970
0.036194
-0.021225
0.002712
-0.001757
0.019440
0.009567
-0.014725
-0.040314
-0.027176
-0.013092
0.017853
0.034668
0.017471
0.020828
-0.004662
-0.037231
0.005966
-0.020462
-0.002722
0.066833
0.017654
-0.023544
-0.024704
0.020157
-0.036926
0.058441
-0.056244
0.021973
-0.033325
-0.002808
-0.002373
0.012970
-0.036987
-0.027863
0.007057
0.006866
0.025482
-0.014130
-0.008629
-0.012123
-0.006714
0.011826
0.015625
0.008835
0.001514
0.019333
-0.002890
0.001372
0.023315
0.009216
0.012840
-0.004440
-0.008827
0.002573
-0.005634
-0.012527
0.001156
-0.003616
0.002340
0.005699
-0.000356
0.000940
0.111694
-0.013718
0.002987
0.003149
-0.010048
-0.006046
0.004421
-0.013130
-0.009262
0.002855
0.004242
-0.003248
-0.009392
0.019638
0.005325
-0.016174
0.020081
-0.005283
-0.003506
-0.002005
0.007111
-0.002441
0.001748
0.001866
-0.018631
-0.000351
0.012161
-0.001054
-0.007107
-0.009659
-0.022202
0.012764
0.006119
-0.003330
-0.003040
0.063538
-0.061737
0.106873
-0.103821
0.073730
-0.169189
-8.718750
-0.260742
10.328125
-2.750000
0.206543
11.250000
2.218750
-0.378418
-0.084534
3.544922
-4.214844
7.226562
-7.542969
-1.547852
-0.417480
-0.997559
-4.148438
4.093750
-4.839844
2.859375
-5.511719
-0.868164
2.281250
1.694336
-0.124207
0.864258
0.016998
0.060211
-0.030014
-0.076355
0.180664
-0.238525
-6.285156
0.011841
0.197021
3.613281
-0.032684
-10.914062
2.103516
-2.312500
-1.108398
9.132812
0.944824
4.015625
2.753906
-5.054688
3.912109
-3.898438
2.220703
-4.464844
10.445312
-4.453125
4.070312
2.738281
-0.083374
-1.482422
-1.051758
0.824219
0.096985
-0.112244
0.119019
0.041077
-0.063660
-0.035889
11.312500
-0.132935
-5.070312
-0.462646
0.120239
18.406250
8.882812
-2.226562
0.110291
-1.295898
-1.649414
2.546875
-12.281250
-3.628906
-0.033020
-1.311523
-6.089844
5.226562
-3.558594
0.395752
-2.238281
-2.218750
-3.482422
1.717773
0.417480
1.273438
0.059631
0.033112
0.106995
-0.109375
0.142944
-0.143433
23.406250
0.094238
-11.617188
2.589844
0.026627
4.628906
-3.281250
0.157104
0.180298
0.981934
-0.556641
0.297607
-0.112549
-4.726562
-1.899414
0.614746
5.839844
2.919922
1.079102
0.479736
3.578125
2.605469
2.884766
1.082031
-1.342773
1.373047
0.187744
-0.052795
0.251709
-0.295166
0.281738
-0.212158
-14.906250
-0.314697
2.191406
-1.128906
0.302734
9.812500
3.714844
-0.677734
-0.127197
2.580078
-3.554688
4.261719
-6.753906
3.501953
-3.318359
-3.960938
-0.210083
4.277344
-2.500000
2.216797
0.206665
6.394531
-2.240234
1.090820
0.808105
0.423096
-0.189087
0.249390
-0.162354
-0.132812
0.293701
-0.307129
13.406250
0.111450
-7.585938
3.095703
-0.055878
-2.316406
-0.465820
-2.138672
-0.716309
6.546875
0.580078
1.388672
0.112427
-4.000000
4.363281
-2.154297
-0.076355
1.427734
-2.001953
2.630859
3.677734
2.324219
2.357422
0.118042
-0.645020
0.759277
0.132568
-0.036896
0.158325
-0.182983
0.152100
-0.112610
-5.824219
-0.117065
3.894531
-4.203125
0.240479
-12.250000
3.443359
0.420166
0.192993
5.882812
-0.814453
-5.148438
-4.054688
2.500000
11.062500
-1.773438
-1.406250
4.132812
-17.578125
2.496094
-1.175781
-4.640625
-1.619141
1.229492
1.057617
1.361328
-0.147949
0.153198
-0.118042
-0.087219
0.156372
-0.128784
-9.937500
0.069641
4.957031
-3.039062
-0.011887
16.171875
1.183594
-2.177734
-1.063477
8.335938
7.609375
1.815430
-4.906250
-3.261719
1.725586
-1.820312
8.328125
7.042969
4.230469
-0.857910
2.212891
2.656250
2.900391
0.901855
-0.839355
0.175781
0.094727
0.004383
0.026352
-0.191650
0.226807
-0.227417
7.066406
-0.101135
16.859375
-0.311279
0.062469
10.812500
6.019531
0.389893
0.269287
-1.128906
-4.890625
7.015625
-4.312500
-0.997559
7.289062
-1.187500
4.648438
-0.718750
-1.547852
-1.147461
-0.108887
-6.128906
3.169922
1.880859
1.895508
2.796875
-0.082520
0.067993
-0.135864
-0.001172
0.097961
-0.084778
-10.570312
0.038300
0.287598
7.484375
-0.014809
-20.562500
-1.044922
-2.388672
-1.506836
9.898438
-1.654297
3.019531
3.976562
-5.875000
0.997559
-2.431641
1.823242
-2.427734
12.156250
-6.031250
1.317383
1.583984
1.956055
0.166260
-2.332031
1.550781
1.719727
-3.302734
4.738281
-5.707031
7.222656
-3.814453
-0.768066
-1.540039
-0.084473
-1.709961
2.152344
-0.361084
1.241211
0.005756
0.604004
-2.046875
1.702148
3.138672
3.925781
-1.183594
0.629883
-1.144531
-2.630859
1.963867
-2.236328
1.368164
1.717773
0.870117
0.966797
0.729004
0.446533
0.750000
1.971680
5.386719
-3.375000
-0.761719
0.019669
-0.673340
1.030273
2.470703
0.864258
-1.148438
0.013634
1.385742
0.830078
-0.292236
-0.919434
-1.121094
1.519531
-0.918457
-0.475586
-1.814453
2.142578
-0.277100
-2.300781
-1.631836
3.035156
-1.428711
0.952637
0.569336
1.170898
-0.444580
-0.694824
0.612793
0.715332
-0.252441
0.648438
-0.720215
0.930664
-0.496582
0.519531
-0.530273
10.789062
-0.254150
0.711426
-7.472656
0.132080
0.281494
0.250732
-0.780762
-1.858398
3.923828
5.718750
0.671387
1.244141
-0.199219
0.787109
6.031250
0.140015
2.162109
-0.656250
-0.510254
-0.102905
0.303467
0.942383
0.520020
-0.110901
0.548340
-0.431641
-0.350098
0.582031
-0.452881
3.507812
0.146973
23.484375
5.996094
-0.378174
9.882812
1.933594
-2.462891
-1.771484
5.000000
0.717285
0.178955
0.616211
-3.296875
1.626953
-2.257812
-0.238159
2.648438
2.050781
1.603516
0.594727
0.182251
1.474609
-0.571777
-0.477783
0.369385
-0.623047
-0.221802
0.856445
0.748047
1.067383
0.335449
-0.018036
-9.062500
0.083252
-2.527344
-0.418213
0.584473
-34.000000
0.519043
-1.024414
0.970215
0.652832
-1.837891
1.165039
-3.337891
-7.550781
1.810547
-1.505859
-2.630859
1.073242
3.894531
0.955078
-0.827148
0.788574
-0.290283
0.163818
-0.049713
0.191284
0.744141
-0.592773
-0.211426
-0.602539
1.055664
1.683594
-22.375000
0.047119
-0.359619
-0.279053
-0.591309
6.714844
0.305176
0.948242
0.108765
-3.177734
2.595703
-6.011719
0.133789
2.531250
2.919922
-1.603516
5.808594
0.278076
0.113159
-4.277344
-0.482666
0.677734
0.620117
0.610352
-0.119507
-0.000897
-0.018097
-0.003937
-0.059143
0.029373
-0.063477
-0.012833
-0.036621
0.016617
0.791016
-0.046906
0.990234
1.502930
1.388672
-3.375000
0.145752
-1.358398
-12.109375
-7.421875
10.210938
-14.625000
-2.250000
-17.281250
27.734375
9.453125
-0.417480
4.394531
-4.316406
4.839844
-1.911133
-0.733887
-1.309570
-0.013588
-0.025131
0.026978
-0.001743
0.056305
-0.061340
-0.058258
-2.125000
-0.010338
1.941406
-0.018784
0.375488
-0.902832
0.966797
1.579102
0.060516
2.025391
-22.156250
-10.078125
2.798828
-11.867188
-1.166992
-14.015625
-2.917969
-36.500000
12.507812
-7.324219
0.321289
5.156250
1.196289
2.361328
-0.749512
-0.046906
-0.075317
0.210205
-0.010742
0.418945
-0.342285
-0.104004
-3.921875
0.101746
14.617188
-0.235107
-7.746094
-4.898438
-0.392822
-0.750488
0.072144
-3.066406
7.355469
-1.026367
4.121094
-7.921875
-6.972656
5.636719
9.859375
-6.300781
9.375000
6.445312
-5.671875
5.718750
-1.142578
-0.943359
-1.331055
-0.037567
0.056091
0.003948
0.139282
0.075562
0.261475
0.153076
0.215698
-0.012451
-25.515625
-0.101807
1.938477
5.308594
0.124023
-2.230469
0.303467
-4.671875
3.609375
1.303711
-2.541016
-5.679688
4.792969
-9.929688
-4.890625
128.125000
1.512695
-17.312500
0.094666
4.929688
2.792969
3.404297
-1.170898
-0.157715
0.067810
0.129028
0.456787
0.276367
-0.354248
-0.244385
5.617188
0.688477
-15.039062
-0.461182
0.891602
1.191406
-1.116211
-40.187500
1.775391
-2.271484
-4.500000
5.343750
-8.398438
4.074219
4.210938
23.890625
-1.012695
-3.941406
-0.112061
-0.182373
-0.869629
1.194336
0.041260
-0.454346
-0.630371
0.006355
0.261719
-0.307617
0.247314
-0.466309
0.508301
0.789551
2.177734
-0.151245
-6.101562
-0.311279
9.750000
-2.330078
2.531250
16.359375
-0.298096
-3.960938
-7.375000
-0.208984
7.597656
-1.613281
4.601562
11.437500
4.343750
22.015625
4.664062
-1.930664
0.410889
0.270020
0.891113
0.627930
-0.139038
0.019745
0.011208
0.074463
0.077820
0.114197
-0.239624
-0.140991
1.390625
0.313232
-1.450195
-0.291016
0.387451
-1.855469
1.436523
-7.218750
-0.007248
-6.492188
-1.689453
-2.648438
1.444336
2.925781
-7.492188
19.359375
-3.228516
8.015625
8.781250
5.527344
-2.052734
2.822266
-1.825195
0.905762
-0.883789
0.025284
0.031921
-0.075439
0.086914
-0.062561
0.166504
0.257080
-4.964844
-0.197388
1.045898
-0.123901
0.592285
-0.687988
1.513672
4.828125
0.183594
0.974609
-12.578125
-1.789062
-2.347656
10.453125
-1.991211
-8.992188
-3.701172
-62.187500
-7.976562
-8.117188
-2.240234
1.498047
1.803711
1.534180
-0.852539
0.160767
-1.591797
8.882812
8.781250
5.066406
1.236328
8.703125
-1.239258
0.825195
3.619141
2.609375
-0.571289
-10.617188
-1.092773
1.618164
2.750000
0.395752
0.899414
6.835938
-4.828125
-7.175781
-3.576172
-4.539062
-2.951172
5.441406
0.441650
2.294922
-1.456055
1.464844
0.771484
0.829590
-0.398682
-0.401611
-0.061218
-1.577148
6.976562
-10.812500
12.265625
8.226562
6.093750
-12.679688
-1.154297
9.156250
-0.278076
0.405518
0.719238
-4.222656
0.563477
3.074219
-4.375000
-2.541016
-3.685547
1.919922
2.552734
-5.859375
-1.101562
6.011719
4.105469
-2.041016
-1.504883
1.709961
0.105469
1.179688
-1.251953
-0.006069
0.002146
0.039490
0.048065
0.223267
-0.207764
-0.212402
1.057617
0.165039
8.203125
-0.041382
-0.583008
-2.251953
-0.511719
2.121094
0.278809
-28.531250
-11.921875
11.828125
-2.814453
14.117188
1.208984
-32.312500
-13.015625
-66.062500
8.593750
18.296875
-14.007812
17.812500
-3.398438
-7.402344
-6.992188
-0.011940
0.005192
-0.025742
0.076172
-0.057007
-0.005184
0.006397
-0.911621
0.013794
1.302734
-0.108826
-3.494141
-0.508789
1.132812
8.687500
-0.598145
-45.812500
-4.984375
5.156250
-4.843750
14.242188
-22.515625
8.718750
-2.763672
10.257812
26.453125
-19.968750
-12.343750
1.745117
7.992188
10.765625
-5.167969
12.390625
-10.406250
10.640625
-3.328125
1.307617
-0.682129
0.066528
-18.843750
0.008781
0.086487
30.000000
0.007935
0.558105
-2.972656
15.664062
-6.265625
9.781250
3.761719
1.231445
-12.929688
1.735352
-16.125000
1.226562
7.027344
-4.035156
17.562500
12.679688
-2.472656
19.156250
58.312500
17.187500
61.656250
1.639648
6.746094
0.053772
-10.406250
6.714844
-8.734375
0.133179
6.062500
-0.039978
0.373535
-8.312500
-0.094543
-0.616211
-3.185547
-23.484375
-3.689453
9.742188
-8.273438
-0.222534
-6.597656
10.273438
-7.621094
-14.539062
-10.359375
6.488281
-12.726562
20.671875
33.843750
22.859375
-19.359375
-76.125000
62.031250
-25.140625
-15.367188
9.546875
1.535156
7.246094
-5.601562
-5.175781
-0.269043
10.843750
-0.405029
-12.054688
-0.952148
-0.556641
0.534180
-0.222656
33.687500
-0.355225
-0.525391
1.633789
-12.085938
-3.748047
-0.825195
-0.348389
-12.750000
0.293213
22.750000
18.578125
-60.531250
47.250000
-41.656250
-64.937500
-151.875000
-20.968750
17.609375
-2.324219
9.132812
0.052307
1.678711
2.947266
-0.304688
-4.570312
-0.232056
-5.796875
1.323242
0.657715
-0.065979
0.335205
1.105469
-0.039215
-0.677734
-4.746094
1.054688
2.578125
12.960938
-4.011719
-1.466797
-0.580566
12.765625
-26.609375
-34.687500
31.593750
98.437500
97.687500
-114.875000
0.003466
-0.012314
0.026535
-0.009636
0.012337
0.009186
-0.005051
-0.002058
-0.007656
-0.003651
-0.006622
-0.000394
0.001551
0.003748
-0.015701
-0.033783
0.028061
-0.012817
-0.015099
-0.013000
0.003847
0.000052
-0.018326
-0.070251
0.000054
-0.027084
0.003223
0.004013
-0.001914
-0.021927
0.006687
0.000916
-0.003580
0.011009
0.007725
0.004326
-0.006790
0.019913
-0.024902
0.011406
0.004974
-0.004978
-0.006821
0.003321
0.010742
0.004963
0.011742
-0.003208
-0.004974
0.000697
0.013855
-0.003618
0.014137
-0.004063
-0.042938
0.015808
0.027237
0.012672
-0.015266
0.013611
-0.011536
-0.001737
0.013466
0.000663
0.082764
-0.035706
-0.009064
-0.001277
0.004543
-0.003952
-0.001810
-0.002260
-0.012794
-0.015297
0.037781
0.025757
0.001488
-0.004166
0.107300
0.018127
0.010117
0.093689
0.002743
-0.013046
0.010986
0.036835
0.057159
-0.005581
0.045593
-0.015640
-0.047150
-0.008568
-0.067688
0.008430
0.014046
0.005627
-0.019775
0.007797
0.000673
0.041870
-0.054993
0.032867
0.011665
0.014435
-0.007881
-0.040558
-0.083313
0.032288
-0.055481
0.004383
-0.011536
-0.029160
-0.018234
0.038269
0.036285
-0.019974
0.036957
-0.037994
-0.063599
0.031433
0.025635
-0.038818
0.008629
-0.008263
0.072693
0.017776
0.000233
-0.025513
0.121033
-0.249023
0.229492
0.023270
-0.154541
-0.030426
-10.054688
-0.353027
9.828125
-2.267578
0.256592
11.101562
3.923828
0.239746
0.023773
3.923828
-3.585938
7.066406
-7.671875
-1.571289
-1.038086
-1.750000
-3.179688
4.917969
-3.837891
2.242188
-5.871094
-0.782715
2.455078
1.805664
-0.656250
0.583984
0.236084
-0.055237
0.218384
-0.290039
0.391846
-0.396240
-5.468750
-0.110596
-0.787109
3.634766
0.075256
-10.898438
2.126953
-2.472656
-0.774414
7.570312
0.216187
2.746094
1.658203
-5.675781
5.230469
-4.140625
1.400391
-4.222656
11.132812
-5.210938
4.769531
3.419922
-0.836426
-0.841309
-0.818848
0.600098
0.062317
-0.025299
0.090515
-0.060822
0.073059
-0.131348
12.570312
-0.125732
-4.996094
-0.876465
0.137451
17.921875
8.710938
-2.169922
0.048889
-1.250977
-1.526367
2.552734
-12.906250
-3.718750
0.172729
-1.929688
-5.437500
5.589844
-3.044922
0.257568
-2.414062
-2.330078
-3.070312
1.717773
0.073486
1.273438
-0.067932
0.099426
-0.058838
-0.055115
0.100647
-0.091675
25.187500
0.052429
-12.375000
2.343750
0.046692
5.406250
-3.851562
0.126953
0.324219
0.803711
-0.530762
0.030548
0.073486
-4.554688
-1.341797
0.733398
5.128906
3.060547
1.451172
0.383057
3.482422
2.789062
2.628906
1.416016
-1.210938
1.173828
0.505859
-0.124084
0.394531
-0.505859
0.389404
-0.398438
-17.953125
-0.456055
1.130859
-0.426514
0.399658
8.054688
2.945312
-1.671875
-0.100220
3.234375
-3.912109
4.625000
-6.351562
3.212891
-3.757812
-3.876953
0.268066
3.216797
-2.787109
2.599609
0.715332
5.804688
-1.398438
2.259766
1.321289
1.029297
-0.333740
0.472656
-0.401611
-0.169067
0.398193
-0.352539
16.031250
0.199463
-7.972656
2.708984
-0.088074
-3.791016
-0.797852
-2.113281
-0.791016
6.242188
0.794922
0.568359
0.426758
-4.332031
4.949219
-2.179688
0.153198
0.802734
-2.724609
2.566406
2.892578
1.872070
2.759766
-0.521484
-1.179688
1.198242
0.178955
-0.126709
0.181763
-0.089966
0.070496
-0.141357
-6.296875
-0.199707
3.470703
-4.253906
0.249634
-11.812500
4.019531
0.484619
0.132812
6.710938
-0.594238
-4.644531
-3.539062
2.896484
10.984375
-1.941406
-1.291016
4.101562
-16.406250
3.042969
-0.944824
-4.511719
-1.421875
1.455078
1.393555
1.406250
-0.020767
0.100769
0.057465
-0.109253
0.228760
-0.252197
-10.156250
0.060364
6.269531
-3.701172
0.038513
16.453125
1.500977
-2.044922
-0.948242
8.273438
7.777344
2.144531
-5.437500
-3.291016
1.362305
-1.989258
7.535156
6.957031
5.078125
-1.243164
2.408203
3.009766
3.042969
0.779785
-1.016602
0.454102
0.175781
-0.116211
0.223267
-0.134399
0.120605
-0.214600
8.570312
-0.139404
17.250000
-1.248047
0.120789
10.289062
6.007812
0.869141
0.726074
-3.044922
-5.507812
6.796875
-4.109375
-1.369141
7.144531
-0.182251
4.253906
-2.126953
-3.402344
-0.289062
0.274414
-6.875000
3.414062
1.694336
2.445312
3.591797
-0.133301
0.173218
-0.080688
-0.148193
0.304688
-0.356689
-13.062500
0.029846
0.730957
7.980469
0.063354
-21.718750
-1.652344
-2.228516
-0.980469
11.031250
-1.383789
3.759766
4.597656
-5.484375
0.226929
-2.437500
1.928711
-3.769531
10.960938
-5.300781
-0.005482
-0.429443
3.037109
-0.580078
-3.119141
2.093750
3.189453
-1.963867
3.660156
-5.832031
7.230469
-4.234375
-0.895508
-0.825684
0.818848
-1.211914
1.759766
-0.270996
1.202148
-0.232422
0.290283
-2.068359
1.951172
2.951172
3.248047
-1.322266
0.660645
-1.638672
-2.542969
0.926270
-2.732422
1.487305
1.650391
-0.000911
1.179688
1.306641
-0.148438
1.089844
3.003906
5.253906
-3.009766
0.656738
-1.147461
0.374023
1.378906
2.462891
1.824219
-1.376953
-0.237671
1.939453
0.420898
-0.290039
-0.727051
-0.329590
1.351562
-1.492188
-0.185913
-0.871582
1.351562
-0.037079
-2.462891
-2.160156
3.232422
-1.853516
0.521973
0.493896
1.520508
-0.645996
-0.815430
0.282715
1.007812
-0.675781
1.170898
-1.273438
1.572266
-1.014648
3.087891
-0.559570
12.031250
-0.383301
0.666504
-5.875000
1.708008
1.016602
0.419678
-0.645508
-1.458008
3.017578
5.765625
0.686523
0.850098
-0.603516
0.991699
5.492188
0.956055
2.882812
-0.738770
-1.694336
0.413818
-0.295410
1.166016
0.545898
-0.054504
0.839844
-0.835938
-0.287598
0.588379
-0.414551
4.531250
0.466553
23.265625
6.433594
-0.337158
11.593750
1.515625
-2.474609
-1.667969
5.242188
0.364014
0.382812
0.774414
-2.183594
0.450439
-2.699219
-0.126343
2.955078
1.489258
1.957031
0.825684
0.283203
1.181641
-0.791992
-0.532715
0.345947
-1.831055
-0.578613
1.755859
1.437500
2.072266
0.397461
0.180542
-10.523438
0.568359
-0.883301
-1.167969
0.924316
-32.625000
0.642090
-1.780273
1.765625
0.390137
-1.568359
-0.247803
-5.187500
-6.628906
2.007812
-1.875977
-9.328125
1.274414
6.625000
1.375000
-5.324219
5.175781
-1.687500
-2.199219
-5.011719
0.313232
2.033203
-1.514648
-0.647461
-0.148315
1.971680
2.650391
-22.234375
0.081421
0.166626
-0.498779
0.928711
8.210938
-0.311035
0.289551
0.310303
0.090820
3.585938
-7.242188
0.780273
0.301025
6.609375
-4.015625
5.125000
-0.217407
1.230469
-8.585938
-2.146484
2.279297
5.054688
4.707031
-1.793945
-0.012878
0.018356
-0.034851
0.059723
-0.043488
0.039581
0.035614
-0.968750
0.021805
1.452148
-0.056427
0.935547
0.764160
0.741211
-2.261719
0.095154
-0.145874
-12.914062
-8.125000
10.554688
-15.187500
-2.746094
-18.109375
28.843750
9.250000
-0.718262
4.546875
-5.144531
4.578125
-1.896484
-1.156250
-1.630859
0.014008
0.021774
-0.044586
0.009377
0.060089
-0.024307
0.102051
-1.418945
-0.086914
1.485352
0.034637
0.060669
-0.795410
1.272461
1.179688
-0.015427
2.876953
-22.015625
-9.812500
2.482422
-11.507812
-0.922363
-15.117188
-2.802734
-34.906250
12.531250
-7.292969
0.357422
5.902344
2.498047
2.880859
-0.655273
-0.034210
-0.041870
0.108398
0.022202
0.240845
-0.164795
-0.062988
-0.690918
0.153809
13.210938
-0.111572
-8.078125
-3.195312
0.089294
-1.122070
0.063904
-2.318359
6.984375
-0.625977
4.687500
-8.335938
-6.988281
5.718750
10.250000
-5.773438
9.914062
6.656250
-6.121094
5.976562
-0.872559
-0.994629
-1.685547
-0.018967
0.048584
-0.075623
0.078430
0.001256
0.128174
0.083130
0.503906
-0.159180
-27.296875
-0.272949
1.542969
2.970703
0.634277
-2.298828
0.354980
-3.912109
3.169922
0.487549
-2.562500
-6.078125
4.667969
-10.570312
-4.359375
128.250000
1.301758
-18.250000
0.345459
5.105469
2.662109
3.730469
-1.359375
0.064880
0.046112
-0.036469
0.123535
0.192993
-0.199585
-0.357178
6.242188
0.554688
-13.859375
-0.487061
1.062500
0.211426
-1.557617
-39.031250
1.998047
-1.678711
-5.507812
4.839844
-7.843750
4.324219
5.171875
22.750000
-1.054688
-6.042969
-0.521973
-0.869141
-1.928711
1.789062
0.972168
-0.581055
-0.522949
0.046112
0.005108
-0.111145
0.031189
-0.143799
0.516113
0.326416
2.005859
-0.153198
-5.191406
-0.396973
8.835938
-3.671875
1.097656
18.093750
-0.066406
-3.484375
-6.628906
0.095886
7.886719
-2.052734
5.886719
12.304688
5.042969
23.593750
4.812500
-2.435547
0.129761
-0.137207
1.670898
1.696289
-1.439453
-0.018326
0.003531
0.164673
0.115906
0.369141
-0.467529
-0.257812
-0.507812
0.478027
-0.252686
-0.388916
-0.600586
-4.339844
-0.339600
-5.523438
-0.068787
-5.417969
-2.416016
-3.482422
1.273438
2.449219
-7.722656
18.046875
-3.035156
5.281250
6.335938
5.089844
-2.000000
2.212891
-1.646484
-1.044922
-1.300781
0.010986
0.048859
-0.083069
0.218750
-0.154663
0.376465
0.687988
-5.054688
-0.292480
-0.195312
-0.241699
0.049927
1.197266
0.295654
6.074219
0.351318
2.925781
-12.640625
-1.401367
-2.876953
9.570312
-1.553711
-9.921875
-3.585938
-60.312500
-8.796875
-7.367188
-2.583984
1.357422
1.475586
1.284180
-0.157349
0.173706
-1.765625
10.070312
9.648438
5.886719
2.572266
9.843750
-2.474609
1.305664
3.638672
2.521484
-1.118164
-10.515625
-2.021484
2.960938
2.250000
1.391602
0.452148
6.062500
-3.960938
-5.808594
-2.623047
-5.335938
-4.476562
4.527344
-0.036072
2.013672
-1.639648
1.814453
0.738770
0.610352
-0.150146
-0.146973
-0.126343
-2.025391
7.554688
-11.398438
12.273438
8.398438
5.820312
-13.078125
-1.083008
11.640625
-0.609375
-0.228271
-0.944336
-3.210938
0.163818
4.535156
-2.820312
-2.476562
-4.121094
0.495605
2.761719
-5.007812
-0.582520
6.011719
4.585938
-1.692383
-1.314453
2.591797
0.552734
1.457031
-0.892578
-0.028336
-0.053864
-0.013817
-0.008522
-0.034546
0.039398
0.067139
0.236816
-0.049072
8.921875
0.101685
0.425293
-1.729492
-0.525391
1.967773
-0.048950
-29.593750
-11.679688
11.390625
-2.556641
14.367188
1.174805
-32.406250
-12.710938
-65.875000
8.273438
17.812500
-13.281250
17.046875
-2.720703
-7.242188
-6.105469
0.004684
-0.020325
0.009422
-0.022888
0.010803
-0.061493
-0.011589
-0.684082
0.016006
1.697266
0.032593
-3.951172
0.411621
0.635742
9.265625
-0.696289
-46.718750
-4.152344
5.386719
-4.773438
14.640625
-22.734375
9.289062
-3.363281
9.851562
26.031250
-19.500000
-11.945312
1.292969
8.000000
10.289062
-4.683594
12.179688
-10.726562
10.773438
-3.197266
1.080078
-0.431152
-0.086243
-18.656250
0.081970
0.014847
29.984375
-0.145752
0.635254
-3.375000
15.359375
-6.093750
9.796875
3.769531
1.307617
-13.085938
1.825195
-16.484375
1.469727
6.957031
-3.851562
17.046875
12.750000
-2.052734
19.062500
59.437500
15.460938
60.718750
1.326172
6.890625
0.560547
-10.632812
6.679688
-9.359375
0.099304
5.773438
0.013916
0.251953
-8.343750
-0.050262
-0.667969
-3.609375
-23.640625
-3.630859
10.007812
-8.632812
-0.326416
-6.683594
10.414062
-7.027344
-14.742188
-10.398438
6.945312
-13.476562
20.671875
33.781250
22.359375
-18.359375
-75.187500
61.156250
-22.453125
-15.367188
9.218750
1.401367
6.515625
-6.285156
-6.000000
0.012985
12.523438
0.081726
-13.609375
0.001850
-0.420410
3.544922
-0.407227
33.625000
-0.726562
-1.060547
1.781250
-11.828125
-3.871094
-1.007812
-0.404053
-12.953125
-0.290283
21.703125
17.828125
-60.187500
46.781250
-38.906250
-67.250000
-152.250000
-22.093750
15.429688
-1.678711
10.015625
1.404297
0.778320
3.341797
-0.633301
-5.339844
0.085083
-5.539062
0.801758
0.181396
-2.775391
1.098633
0.868652
0.645996
-0.712402
-4.250000
1.000000
2.792969
13.414062
-4.167969
-1.707031
-0.417480
12.453125
-26.328125
-34.843750
30.953125
98.625000
98.000000
-117.625000
-0.002789
-0.007618
-0.010551
-0.061035
-0.015205
0.009491
0.007133
-0.015869
0.028824
-0.003237
0.001881
-0.007458
-0.028198
0.052399
0.015282
0.006863
0.005836
-0.009850
0.000490
-0.004704
0.005238
-0.007874
0.015205
-0.042114
0.002893
0.018845
-0.004753
0.003078
-0.009064
0.033997
0.011330
0.013512
0.006844
0.012329
0.023331
-0.011032
0.023941
0.008446
0.029480
-0.013046
0.006882
-0.016357
-0.000633
-0.000648
-0.002674
-0.001403
0.007256
-0.003265
-0.005470
0.002672
0.025726
0.002382
0.030243
-0.016464
0.022736
-0.026749
0.005142
0.031311
0.000853
0.022430
-0.002419
-0.002033
-0.016464
-0.020615
-0.016922
-0.014778
-0.014763
-0.046661
0.012718
-0.002483
0.020905
0.017181
-0.036987
0.003357
0.016891
0.021027
-0.027512
0.024445
0.086426
0.012825
0.005196
0.030457
-0.023331
0.019028
-0.020767
-0.062927
-0.054016
0.002064
-0.011742
0.004108
0.020172
0.102295
0.001838
0.029266
0.030151
0.027451
-0.009941
-0.005238
0.011581
0.021942
0.000626
-0.006577
0.038849
-0.194458
0.014694
0.037628
-0.006294
-0.006290
-0.098083
-0.018600
0.022598
0.015129
-0.010986
0.009956
-0.027435
0.009529
0.003107
0.033142
0.026871
-0.066833
-0.017014
-0.007153
-0.004780
0.008881
-0.092651
-0.006538
0.003481
-0.062073
0.139404
-0.209717
0.221191
0.050507
-0.182373
0.056549
-6.406250
-0.321045
9.023438
-1.695312
0.315918
10.125000
1.882812
-0.556641
0.071350
2.863281
-4.621094
7.687500
-6.589844
-2.130859
-0.350830
-0.375977
-4.125000
3.826172
-6.359375
3.304688
-5.152344
-1.025391
2.685547
1.785156
0.401611
1.435547
0.147827
0.029648
0.168091
-0.222778
0.309082
-0.369629
-5.390625
-0.202637
-0.500000
3.226562
0.080322
-12.195312
1.278320
-1.893555
-1.057617
10.171875
1.444336
4.257812
3.931641
-5.117188
3.654297
-3.501953
3.005859
-5.089844
9.968750
-3.367188
3.136719
2.056641
1.052734
-1.892578
-1.467773
1.352539
0.104492
-0.113342
0.161499
0.029419
-0.102051
-0.010963
11.289062
-0.178223
-4.875000
-1.117188
0.175781
19.234375
8.882812
-1.738281
0.123108
-1.179688
-1.606445
2.476562
-10.960938
-3.240234
-0.036621
-1.152344
-6.394531
5.007812
-4.484375
0.682617
-1.512695
-2.291016
-3.050781
2.097656
0.927246
1.735352
0.065735
-0.011894
0.104553
-0.183838
0.257812
-0.217529
24.187500
0.060486
-12.195312
3.214844
0.106995
4.894531
-1.735352
-0.053223
0.182739
1.157227
-0.556152
0.598633
-0.955566
-4.617188
-2.000000
0.600586
6.632812
2.273438
0.921875
0.824219
2.621094
3.050781
3.593750
0.310059
-1.512695
1.504883
0.037964
-0.065796
0.187500
-0.061615
-0.122986
0.010338
-13.804688
-0.333252
0.568848
0.818848
0.272217
9.570312
4.179688
-1.248047
-0.002880
2.121094
-3.208984
4.585938
-7.394531
3.638672
-2.748047
-3.755859
-0.477539
5.386719
-1.797852
1.984375
-0.041321
6.835938
-1.928711
1.719727
0.565918
0.575195
-0.029419
0.113892
0.027039
-0.232300
0.319824
-0.340820
12.921875
0.000556
-7.257812
1.609375
0.128906
-4.304688
-0.171143
-1.667969
-0.372803
6.480469
0.790527
1.331055
0.417969
-4.359375
4.695312
-2.150391
-0.969238
1.029297
-1.107422
2.439453
3.703125
2.375000
2.382812
0.196167
-0.777832
0.797363
0.084412
-0.024384
0.151978
-0.141479
0.164673
-0.124146
-5.695312
-0.216431
2.906250
-3.568359
0.351807
-12.429688
3.554688
-0.113770
0.246948
5.273438
-1.390625
-5.460938
-5.523438
2.623047
11.031250
-1.791992
-1.675781
4.761719
-17.156250
2.884766
-1.168945
-4.269531
-1.541016
1.564453
1.756836
1.449219
-0.099121
0.164551
-0.110657
-0.121399
0.211792
-0.258789
-9.125000
0.003607
5.199219
-3.212891
0.069519
14.554688
0.606445
-2.357422
-0.889648
8.164062
7.488281
1.375000
-3.519531
-4.507812
2.578125
-1.749023
8.000000
7.398438
4.375000
-0.390381
2.365234
2.699219
3.140625
0.708984
-1.174805
0.727051
0.103638
-0.069763
0.182129
-0.126343
0.099609
-0.168579
6.074219
-0.142822
15.968750
-0.201782
0.125366
12.570312
6.625000
0.831055
-0.073730
1.240234
-3.996094
7.367188
-3.927734
-1.248047
7.042969
-2.027344
5.121094
0.750000
-0.449951
-1.219727
0.074585
-4.953125
2.695312
2.015625
1.207031
1.984375
-0.054199
0.083313
-0.064636
-0.126465
0.240479
-0.165771
-8.593750
-0.064575
-0.801270
6.949219
-0.027344
-18.234375
0.217896
-2.259766
-1.499023
7.898438
-1.574219
2.308594
3.517578
-6.386719
1.491211
-2.289062
1.673828
-0.795898
13.328125
-6.722656
2.242188
2.992188
1.288086
0.769531
-1.506836
1.015625
0.488037
-5.000000
6.144531
-5.250000
7.308594
-3.791016
-0.173340
-2.343750
-0.239014
-1.774414
2.257812
-0.327881
3.314453
0.997070
1.279297
-1.644531
1.502930
3.158203
4.105469
-0.504395
-0.594238
-1.102539
-2.013672
2.312500
-1.363281
0.870605
0.811523
-0.746582
1.328125
0.425781
0.925781
0.711426
0.076355
4.375000
-4.027344
-2.843750
1.255859
-2.267578
2.058594
2.285156
0.434326
-0.847168
-0.219482
1.496094
1.496094
-0.247681
-0.857910
-2.046875
1.583008
-0.924805
-0.934082
-2.218750
2.093750
-0.810059
-2.367188
-1.529297
2.394531
-0.204956
1.446289
1.075195
0.668945
-0.388916
-0.638184
1.087891
0.677246
-0.201172
0.553223
-0.590820
0.568848
-0.374756
1.389648
-0.450928
11.406250
-0.206299
0.629883
-6.195312
1.330078
0.426514
0.232056
-0.620117
-1.480469
4.109375
6.601562
0.633789
0.656250
-0.475342
1.001953
6.105469
-0.483398
2.419922
-0.547852
-0.888672
-0.029114
0.140015
1.022461
0.683594
-0.193604
0.490967
-0.205566
-0.477539
0.612793
-0.578125
1.910156
0.135010
24.140625
6.148438
-0.421875
10.234375
1.928711
-2.078125
-1.649414
4.847656
0.738281
0.381348
1.063477
-3.615234
0.907227
-2.707031
0.130981
2.888672
2.115234
2.283203
0.503906
0.392090
1.863281
-0.789551
-0.380615
0.189209
-1.371094
-0.222046
1.520508
1.124023
1.527344
0.430176
-0.066040
-9.750000
0.244751
-2.435547
-1.023438
0.075256
-30.515625
0.302002
-0.459717
1.083008
0.674805
-1.869141
0.946289
-3.404297
-9.023438
1.641602
-1.496094
-4.300781
1.253906
3.281250
1.976562
-2.003906
1.953125
-0.629395
-1.293945
-1.795898
0.269287
1.273438
-0.573730
0.158691
-0.489502
1.613281
1.657227
-20.828125
0.176025
-1.488281
-0.269043
-1.004883
7.355469
-0.179688
1.468750
0.412109
-4.003906
3.242188
-4.859375
-0.208618
2.929688
3.835938
-2.054688
4.632812
-1.190430
1.146484
-4.062500
-0.489014
1.666992
1.862305
1.448242
-1.043945
0.006161
-0.044464
0.074036
-0.068115
0.076965
-0.111267
-0.134033
0.363770
0.122253
0.154663
-0.161255
0.832031
-0.883789
1.070312
-4.707031
0.240967
-1.190430
-12.390625
-6.554688
9.460938
-14.742188
-1.778320
-16.375000
25.921875
8.601562
0.524414
4.507812
-3.347656
3.789062
-0.690918
-2.562500
-1.748047
-0.038208
-0.004215
0.084534
0.094360
0.138306
-0.098328
0.012489
-4.113281
-0.085388
1.809570
-0.159668
1.191406
-1.667969
0.817383
0.522949
0.186035
2.248047
-22.250000
-9.171875
1.915039
-11.031250
-0.700684
-12.007812
-3.542969
-34.937500
13.632812
-8.070312
0.475098
5.238281
3.611328
3.183594
-0.993652
-0.078857
-0.076538
0.278809
-0.014488
0.473633
-0.536133
-0.049011
-2.292969
0.274658
13.734375
-0.447754
-6.558594
-3.828125
-0.232056
-2.195312
0.134277
-3.035156
6.390625
-0.832031
3.074219
-7.527344
-7.429688
4.996094
9.234375
-5.550781
10.554688
6.628906
-5.195312
5.316406
-1.438477
-1.213867
-1.426758
-0.040070
0.080261
0.046234
0.262695
0.159180
0.262451
0.424805
0.035095
-0.119690
-23.625000
-0.184082
1.560547
4.445312
0.454590
-1.981445
0.540039
-4.347656
2.718750
0.134155
-2.423828
-4.726562
5.980469
-10.382812
-5.789062
126.000000
1.785156
-16.375000
-0.352295
4.812500
2.279297
3.015625
-0.981934
-0.008850
-0.004910
0.239746
0.425049
0.208984
-0.188721
0.176025
6.621094
0.366943
-15.187500
-0.067200
-0.124329
-1.327148
-1.358398
-37.250000
0.585938
-1.404297
-6.207031
6.156250
-8.781250
3.417969
4.542969
23.171875
-0.641113
-5.187500
0.124207
-0.994141
-1.804688
1.471680
1.375000
-0.204346
0.244751
0.026276
0.071838
-0.197632
0.308838
-0.522949
0.471924
0.981445
-1.273438
-0.127563
-5.007812
-0.024963
8.703125
-4.031250
2.527344
16.390625
-0.317871
-4.601562
-6.152344
-0.798340
7.886719
0.125366
4.949219
12.750000
3.582031
24.171875
4.800781
-2.324219
0.616211
0.944824
0.766113
1.350586
-1.166016
-0.089722
-0.019958
0.311768
0.110657
0.484131
-0.570801
-0.411377
1.498047
0.564941
-4.957031
-0.317627
-0.486084
-5.238281
0.648438
-7.730469
-0.001071
-6.457031
-2.646484
-2.484375
1.370117
4.765625
-6.285156
18.390625
-3.849609
5.980469
7.355469
4.703125
-1.691406
1.811523
-1.101562
-1.197266
-1.161133
0.025055
0.128052
-0.116333
0.349854
-0.021103
0.236694
0.531738
-9.500000
-0.263428
0.613770
-0.234863
1.070312
-0.379639
1.433594
6.027344
0.270996
1.487305
-12.273438
-1.214844
-1.867188
10.265625
-1.206055
-9.125000
-4.035156
-59.218750
-5.628906
-6.757812
-1.534180
1.671875
1.570312
1.602539
-1.074219
-0.125122
-0.035828
6.484375
7.367188
3.351562
-1.290039
6.191406
-1.044922
-0.480469
3.437500
1.385742
-2.126953
-11.398438
-2.628906
4.339844
3.916016
1.425781
-0.165771
7.253906
-5.675781
-8.093750
-3.083984
-5.566406
-3.917969
4.730469
0.479004
2.728516
-2.937500
2.455078
1.498047
-0.060883
-0.522949
-0.543945
0.397461
-1.011719
6.000000
-10.789062
12.968750
8.085938
0.974609
-12.429688
-1.903320
4.058594
-0.772949
-1.802734
-0.060822
-4.652344
1.936523
4.058594
-4.191406
-2.535156
-4.746094
1.915039
3.697266
-6.617188
-1.995117
6.941406
5.519531
-3.142578
-0.861816
2.724609
1.788086
2.748047
-2.646484
-0.024826
0.019119
0.020889
0.059235
0.107117
-0.047211
0.003778
1.231445
0.074280
7.347656
-0.039185
-0.879395
-1.892578
-0.724121
2.144531
0.329102
-28.953125
-10.351562
12.968750
-3.759766
13.484375
1.280273
-33.218750
-13.804688
-64.562500
9.007812
18.250000
-14.859375
18.953125
-3.240234
-6.765625
-7.164062
0.029678
0.009071
-0.029388
0.004215
-0.026688
0.060486
0.065002
-0.375732
-0.048004
0.651367
0.032562
-1.392578
0.108948
1.691406
6.761719
-0.625488
-46.968750
-6.152344
5.000000
-4.972656
14.023438
-21.546875
8.156250
-2.316406
9.265625
27.609375
-20.578125
-11.429688
2.019531
7.992188
11.171875
-6.230469
12.500000
-10.289062
10.289062
-3.373047
1.408203
-0.733887
0.188232
-18.828125
0.012871
0.200073
30.546875
0.042999
0.491943
-3.123047
16.031250
-6.277344
9.593750
3.750000
1.247070
-13.343750
1.763672
-15.406250
1.228516
7.085938
-4.031250
17.046875
12.875000
-2.621094
19.703125
57.156250
18.453125
62.281250
1.696289
6.593750
-0.331787
-10.367188
6.691406
-8.117188
0.120911
5.972656
-0.066528
0.695801
-8.570312
-0.094788
-0.764648
-2.646484
-23.593750
-3.746094
9.851562
-8.554688
0.036469
-6.527344
10.218750
-7.132812
-14.664062
-10.789062
6.464844
-12.382812
20.593750
33.875000
22.984375
-19.765625
-76.375000
62.781250
-24.531250
-16.296875
9.539062
0.689453
7.632812
-5.882812
-5.742188
0.246948
9.367188
-0.271729
-10.875000
-1.168945
-0.540527
-0.052429
-0.110840
33.562500
-0.282471
-0.702637
1.273438
-11.859375
-3.337891
-0.605469
-0.260742
-12.546875
-0.012978
22.500000
18.375000
-60.375000
46.937500
-42.062500
-68.000000
-153.375000
-23.859375
17.328125
-1.708984
8.453125
0.337158
2.601562
2.439453
-0.407959
-3.121094
-0.187134
-6.632812
1.512695
0.144409
-0.179443
0.651855
2.582031
0.863281
-0.568359
-4.996094
0.989746
2.228516
13.226562
-4.007812
-1.147461
-0.572266
12.453125
-26.468750
-34.000000
31.656250
98.000000
97.187500
-113.062500
-0.006832
-0.015388
0.004799
0.029129
-0.007000
-0.016586
0.003052
0.017807
-0.009438
-0.017899
0.012886
-0.008461
0.019745
-0.013924
-0.017548
0.005291
0.000611
-0.014282
0.004047
0.004261
0.000883
-0.000293
0.010475
-0.042694
0.006569
-0.003788
-0.002794
-0.004387
-0.001854
-0.044250
0.000785
-0.029053
-0.016937
-0.015480
-0.002190
0.036346
-0.000553
-0.003834
-0.009636
0.007725
0.015717
0.002655
0.014961
-0.022003
-0.017319
0.003090
0.012932
-0.002439
0.003334
-0.015366
-0.047577
-0.002689
-0.034515
0.019043
-0.008400
0.026810
-0.012001
0.037201
-0.003614
-0.027100
0.030212
0.015884
0.005180
0.002266
-0.028488
0.059631
0.036926
0.000382
-0.013336
0.007580
0.004845
0.005894
0.003155
-0.004135
-0.029266
0.011368
-0.013573
0.028748
0.140259
0.012581
-0.004814
-0.071960
0.005817
0.030182
0.012886
0.006813
0.006638
0.008377
-0.024429
0.019073
0.029236
-0.001529
-0.001418
-0.000842
0.016327
0.030823
0.055023
0.018661
-0.031097
-0.024628
-0.017395
-0.031158
-0.031281
-0.094360
0.016037
-0.024658
0.131226
-0.035248
0.028580
0.017426
-0.023071
0.033264
0.002676
0.042297
0.008904
-0.004200
0.007858
0.085388
0.021744
0.048584
0.022141
-0.020462
0.011505
-0.005672
0.050751
0.017639
-0.008202
-0.018143
-0.062805
0.044220
0.000395
-0.268799
0.709473
-0.669434
-10.921875
-0.168335
11.195312
-3.242188
0.260498
15.539062
3.826172
1.774414
-0.195312
3.837891
-1.473633
7.082031
-8.757812
-1.607422
-1.789062
-2.421875
-3.437500
4.703125
-2.570312
1.506836
-6.753906
-0.249146
1.692383
0.571289
-1.418945
-0.358643
-0.011749
-0.004177
-0.141479
0.000317
0.092957
-0.011230
-7.988281
0.510742
0.390137
6.039062
-0.265869
-9.085938
4.035156
-3.714844
-1.632812
6.039062
-0.262451
2.042969
0.215942
-5.816406
5.839844
-4.824219
0.296387
-3.550781
10.546875
-5.535156
5.261719
2.691406
-2.550781
-0.395752
-0.297363
0.575684
-0.016571
0.019669
-0.001530
-0.007942
0.065430
-0.066528
12.585938
0.025970
-5.421875
0.947266
0.065186
14.804688
8.296875
-3.019531
-0.124329
-1.151367
-1.342773
2.683594
-14.921875
-4.226562
0.345703
-2.333984
-5.437500
6.386719
-1.854492
-0.831055
-4.042969
-1.773438
-4.757812
-0.292480
-0.633301
-0.234497
-0.018784
0.020264
-0.004562
0.047699
-0.070496
0.096436
21.250000
0.095886
-9.906250
-0.180908
0.016159
2.949219
-6.839844
0.531250
0.440918
0.570312
-0.614258
-0.166870
1.534180
-4.742188
-0.254395
0.747559
4.050781
4.578125
1.409180
-0.262695
5.871094
0.911133
1.006836
3.623047
-0.662109
1.452148
0.733398
-0.394043
0.545410
-0.524414
0.729980
-0.479980
-17.812500
-0.491455
2.488281
-1.863281
0.508301
8.914062
2.015625
-2.003906
-0.202026
3.724609
-3.728516
4.242188
-5.972656
3.064453
-4.410156
-4.218750
0.679688
3.322266
-3.492188
2.498047
0.889160
5.597656
-1.758789
1.444336
1.517578
0.819824
-0.251465
0.481689
-0.248779
-0.189941
0.438721
-0.301025
16.453125
0.193604
-8.804688
4.746094
-0.086304
-1.596680
-1.031250
-2.785156
-1.036133
6.265625
0.664551
0.877441
0.324951
-4.324219
5.281250
-2.044922
1.796875
1.361328
-3.625000
3.175781
3.265625
2.900391
2.621094
-0.544434
-0.775391
0.850098
0.174438
-0.298340
0.251953
0.286865
-0.333740
0.207153
-6.062500
0.078491
3.740234
-5.660156
0.002089
-9.703125
3.117188
1.472656
0.142944
6.738281
0.160034
-4.531250
-0.802734
2.404297
10.703125
-1.107422
-1.578125
3.125000
-17.390625
2.544922
-0.747070
-4.742188
-1.563477
0.741211
0.903320
1.419922
0.217529
-0.127563
0.443604
-0.176758
0.241943
-0.095642
-12.601562
-0.065735
6.210938
-2.703125
-0.013313
18.687500
3.402344
-1.769531
-1.267578
8.382812
7.496094
2.849609
-8.312500
-1.491211
0.354248
-2.195312
7.511719
6.429688
4.976562
-1.792969
1.950195
1.908203
3.007812
0.865234
-0.806152
0.168213
0.066589
-0.025238
0.081726
-0.048279
0.159912
-0.225220
8.000000
0.047424
18.781250
-1.434570
0.039520
7.800781
6.511719
0.518555
0.979004
-4.351562
-5.996094
6.691406
-4.515625
-0.779297
7.207031
0.070068
3.990234
-3.701172
-4.359375
-0.351074
-0.347900
-7.410156
2.980469
1.106445
2.111328
3.810547
0.003933
0.025421
-0.001522
-0.064697
0.183472
-0.205566
-13.500000
0.130493
1.920898
8.429688
0.097656
-22.953125
-2.777344
-2.947266
-1.122070
12.437500
-1.750977
4.222656
4.484375
-5.222656
-0.083435
-3.128906
1.079102
-4.425781
11.109375
-5.632812
-0.403320
-1.967773
3.369141
-0.467773
-3.447266
2.121094
3.814453
-0.862793
2.505859
-6.070312
7.253906
-4.187500
-2.597656
0.062988
2.251953
-2.234375
1.400391
-0.124023
-3.658203
-0.386230
-0.117065
-1.535156
2.429688
2.730469
2.570312
-2.322266
1.310547
-1.885742
-2.669922
-0.707520
-3.710938
1.573242
2.396484
1.328125
1.315430
1.543945
-0.411377
1.517578
4.562500
5.519531
-2.107422
2.082031
-2.343750
1.615234
0.834961
2.611328
3.351562
-0.671875
-0.557617
3.121094
0.240234
0.152344
-1.460938
0.156616
1.416016
-2.554688
0.297852
-0.875488
1.402344
0.317871
-2.388672
-1.523438
3.996094
-2.652344
0.719238
0.391357
2.150391
-0.595703
-1.056641
0.166382
0.970703
-0.762207
1.285156
-2.044922
3.060547
-2.308594
1.085938
-0.689453
10.992188
-2.312500
0.975586
-5.378906
-3.492188
1.037109
0.645996
-0.547852
-0.783691
2.775391
5.058594
-0.073914
1.086914
-0.795410
0.930664
5.214844
0.936523
2.339844
-0.905273
-1.261719
0.063416
-0.292725
0.682129
0.084900
0.157959
1.386719
-1.526367
0.233643
0.355469
-0.328125
5.925781
1.092773
21.359375
7.703125
-0.518555
12.390625
2.294922
-3.306641
-1.770508
4.937500
0.963867
-0.276611
0.068909
-1.781250
1.736328
-1.979492
-0.595703
2.761719
1.222656
1.244141
1.113281
0.153564
0.492432
-0.208862
-0.321777
0.409424
-0.581055
-0.674805
1.026367
0.313721
1.621094
-0.077942
-0.104797
-9.898438
0.555176
2.826172
-0.503906
3.480469
-35.750000
0.692383
-2.152344
1.076172
1.009766
-2.201172
0.075012
-3.705078
-4.277344
1.865234
-1.936523
-5.820312
0.821289
3.175781
1.035156
-1.599609
2.630859
-0.177368
0.479736
0.087769
0.058289
0.937012
-1.198242
-0.759766
0.828613
0.507324
2.519531
-20.125000
-0.080627
1.453125
-0.731445
0.317383
7.558594
0.549805
1.052734
0.257568
2.910156
1.560547
-9.390625
0.946777
-1.555664
1.765625
-1.882812
5.933594
1.159180
0.447510
-5.605469
-0.818848
1.424805
0.027939
1.214844
0.164795
-0.005150
0.001570
0.015808
-0.023178
-0.125854
0.117859
0.145020
-1.251953
-0.093201
1.490234
-0.052704
1.483398
3.921875
0.770996
-1.512695
0.097839
0.650391
-12.703125
-8.742188
11.390625
-15.695312
-2.820312
-19.656250
30.343750
9.382812
-3.960938
4.441406
-6.476562
5.316406
-2.820312
-0.951660
-1.092773
0.013916
0.014351
0.037109
-0.059296
-0.009224
-0.035095
0.022125
0.122864
-0.103027
2.679688
0.195679
-0.773926
-0.362061
0.100281
2.345703
-0.066467
2.669922
-20.546875
-10.812500
3.324219
-13.085938
-1.426758
-17.593750
-1.392578
-36.281250
11.187500
-6.425781
0.002472
5.992188
-1.130859
2.289062
-0.402344
-0.016632
-0.008736
0.062500
0.076477
0.140747
0.116150
0.082642
-2.673828
-0.180786
13.687500
0.181519
-10.984375
-5.937500
-0.644531
1.021484
0.025116
-1.835938
8.906250
-0.544434
5.660156
-8.414062
-6.218750
6.445312
10.742188
-7.128906
8.507812
6.257812
-7.074219
6.746094
-0.390869
-0.003323
-1.337891
-0.037842
0.070129
-0.109680
-0.031738
-0.023178
0.225830
0.009537
0.886719
-0.133423
-31.000000
0.061401
2.439453
4.882812
0.273438
-2.904297
-0.039703
-4.984375
4.054688
2.285156
-2.710938
-7.394531
3.595703
-9.578125
-3.623047
131.375000
1.451172
-19.125000
0.173950
4.875000
1.914062
4.570312
-2.136719
0.025528
0.043365
-0.066467
0.132935
-0.000850
-0.055969
-0.459961
5.312500
0.883301
-14.445312
-0.829590
1.787109
4.410156
-0.782227
-42.062500
2.703125
-1.002930
-3.785156
3.583984
-7.523438
5.187500
4.867188
23.531250
-1.768555
-4.832031
-2.476562
0.558594
-1.035156
1.787109
-0.230225
-1.031250
-0.592285
0.044556
-0.011185
-0.053345
-0.028732
-0.070496
0.388916
0.336426
5.328125
-0.339600
-5.824219
-0.604004
10.210938
-2.560547
0.919922
17.703125
-0.041809
-5.242188
-8.382812
-0.048340
7.535156
-6.113281
4.101562
10.335938
6.648438
21.750000
5.312500
-1.165039
-0.399170
-0.803223
-0.451904
0.704102
-0.643555
-0.004971
0.003546
0.000212
0.118713
0.127563
-0.115417
-0.052612
-1.229492
0.196045
1.581055
-0.362305
-0.597656
-0.226074
-0.825195
-4.738281
-0.013000
-5.976562
-2.841797
-4.214844
1.904297
0.663086
-8.984375
19.015625
-2.167969
8.734375
6.246094
6.011719
-2.986328
3.810547
-1.250977
-0.866699
-0.793945
0.014290
-0.002581
-0.062744
0.056183
-0.098267
0.260010
0.338623
1.086914
-0.143799
0.428711
-0.163086
-0.088074
1.366211
0.341309
2.962891
0.494141
-2.146484
-9.945312
-2.349609
-3.310547
9.492188
-2.658203
-10.265625
-3.511719
-61.312500
-10.140625
-8.976562
-2.986328
0.928223
-0.860352
2.210938
-0.679199
0.342529
-2.775391
11.734375
9.828125
6.996094
4.070312
11.218750
-1.355469
2.505859
4.710938
3.300781
0.082275
-10.609375
-1.485352
1.137695
1.373047
1.408203
-0.756348
5.296875
-2.306641
-5.617188
-3.789062
-3.634766
-2.251953
5.062500
-1.114258
2.462891
-0.557617
1.194336
0.657715
0.215332
0.143188
0.175537
-0.596680
-2.072266
7.976562
-11.046875
11.843750
8.585938
13.632812
-12.929688
-0.834961
14.882812
-1.163086
0.241699
-0.047974
-1.774414
-0.551758
4.152344
-2.693359
-4.667969
-3.669922
-0.604004
0.861328
-4.960938
-0.114868
6.167969
3.398438
-0.791504
-2.273438
1.674805
-1.450195
0.470947
-0.307617
0.047546
0.010216
-0.132690
0.179810
0.163940
-0.221558
-0.104065
-0.267822
0.169556
9.929688
-0.279785
0.553711
-2.687500
-0.062744
1.977539
0.654785
-28.906250
-13.843750
10.703125
-1.414062
15.132812
1.142578
-31.718750
-12.062500
-68.000000
8.257812
18.250000
-12.757812
16.234375
-3.353516
-8.023438
-6.468750
0.046631
-0.001497
-0.087097
-0.014198
-0.303223
0.088745
0.126831
-1.175781
-0.190308
1.841797
-0.000572
-6.839844
-0.261963
0.069641
11.429688
-0.761230
-45.250000
-3.396484
5.640625
-4.886719
14.898438
-23.812500
9.851562
-3.496094
10.914062
25.031250
-19.312500
-13.273438
1.491211
8.187500
10.171875
-3.650391
11.226562
-10.718750
11.242188
-3.291016
1.541992
-0.705566
-0.153564
-18.203125
0.418457
-0.505859
28.718750
-0.015465
0.965332
-1.424805
15.320312
-6.390625
10.570312
3.589844
1.095703
-12.796875
1.525391
-17.296875
1.520508
6.882812
-3.582031
16.812500
11.859375
-1.856445
17.828125
57.437500
12.679688
58.375000
1.745117
7.031250
1.716797
-10.476562
6.707031
-10.414062
-0.000543
6.406250
0.066345
0.621094
-7.976562
0.113770
-0.124512
-4.750000
-23.578125
-3.746094
9.523438
-7.785156
-1.111328
-6.191406
10.406250
-7.449219
-14.515625
-9.984375
6.941406
-13.804688
21.078125
33.625000
20.984375
-16.812500
-73.187500
59.968750
-18.484375
-11.132812
8.484375
2.074219
5.789062
-6.480469
-6.765625
0.146851
14.765625
0.020386
-15.265625
0.280518
-0.452393
1.939453
-0.337891
33.781250
0.400879
-1.204102
2.593750
-12.343750
-4.429688
-0.886719
-0.723145
-13.328125
-0.083130
21.828125
18.765625
-61.562500
48.562500
-35.656250
-64.375000
-150.375000
-13.250000
16.109375
-2.943359
11.226562
1.641602
-0.008057
4.023438
-0.448730
-7.871094
0.001509
-4.117188
0.292480
-0.225586
-1.499023
0.798828
-0.362305
0.890137
-0.912109
-5.253906
0.785156
2.656250
13.093750
-4.351562
-1.311523
-0.348877
13.210938
-26.812500
-36.343750
32.468750
95.750000
99.562500
-120.375000
-0.020920
0.014565
-0.027924
0.040039
-0.027512
0.027908
0.012032
0.039368
-0.012909
0.013817
-0.056458
0.006863
-0.033478
0.014427
0.090393
0.028656
0.024170
0.115662
-0.005676
0.007534
-0.029388
-0.031982
0.009216
0.128296
0.018051
-0.054688
-0.061340
-0.004517
0.048126
0.046600
0.023727
-0.010208
0.001987
-0.034332
-0.040222
-0.029343
0.007889
0.008118
0.097107
0.003548
0.017624
0.010300
-0.030609
-0.001803
-0.020004
0.027557
-0.016846
0.050629
-0.049408
-0.055267
0.079712
0.058990
-0.001410
-0.048706
0.045929
-0.020966
-0.002401
0.034515
0.027283
0.025726
-0.023407
-0.029633
-0.024979
-0.022263
0.001944
-0.006145
-0.001173
0.002531
0.003223
-0.002977
0.007580
0.003700
0.012810
-0.003162
-0.011444
-0.009514
0.005463
-0.000589
-0.001877
-0.009171
-0.001029
0.000588
-0.003513
-0.003410
0.000165
0.008743
0.010536
0.003851
-0.004200
-0.007065
0.009804
-0.004810
-0.014114
0.115662
-0.018387
0.004227
-0.000462
0.009331
-0.003967
0.009857
-0.009041
-0.005726
0.002897
0.000665
0.002325
0.003635
0.013252
-0.018524
0.004498
-0.006367
-0.003271
-0.001319
-0.004906
-0.007240
-0.010399
0.008698
-0.004257
0.002192
0.006050
-0.004223
0.000198
0.004845
0.005032
0.002874
-0.017914
0.001688
-0.006809
0.001332
