shape: [b:1, f:1, x:64, y:6, z:1, w:1, u:1, v:1, g:1] (count: 384, original format: bfyx) raw data
0.000000
0.000000
0.000000
0.000000
0.000000
0.000000
0.000000
0.000000
0.000000
0.000000
0.000000
0.000000
0.000000
0.000000
0.000000
0.000000
0.000000
0.000000
0.000000
0.000000
0.000000
0.000000
0.000000
0.000000
0.000000
0.000000
0.000000
0.000000
0.000000
0.000000
0.000000
0.000000
0.000000
0.000000
0.000000
0.000000
0.000000
0.000000
0.000000
0.000000
0.000000
0.000000
0.000000
0.000000
0.000000
0.000000
0.000000
0.000000
0.000000
0.000000
0.000000
0.000000
0.000000
0.000000
0.000000
0.000000
0.000000
0.000000
0.000000
0.000000
0.000000
0.000000
0.000000
0.000000
0.841309
0.604492
0.409180
0.270508
0.176880
0.115234
0.074951
0.048676
0.031616
0.020538
0.013336
0.008659
0.005623
0.003653
0.002371
0.001540
0.001000
0.000649
0.000422
0.000274
0.000178
0.000115
0.000075
0.000049
0.000032
0.000021
0.000013
0.000009
0.000006
0.000004
0.000002
0.000002
0.841309
0.604492
0.409180
0.270508
0.176880
0.115234
0.074951
0.048676
0.031616
0.020538
0.013336
0.008659
0.005623
0.003653
0.002371
0.001540
0.001000
0.000649
0.000422
0.000274
0.000178
0.000115
0.000075
0.000049
0.000032
0.000021
0.000013
0.000009
0.000006
0.000004
0.000002
0.000002
0.909180
0.963379
0.746582
0.520996
0.348145
0.228882
0.149414
0.097229
0.063171
0.041077
0.026672
0.017319
0.011246
0.007305
0.004742
0.003080
0.002001
0.001299
0.000844
0.000548
0.000356
0.000231
0.000150
0.000097
0.000063
0.000041
0.000027
0.000017
0.000011
0.000007
0.000005
0.000003
0.909180
0.963379
0.746582
0.520996
0.348145
0.228882
0.149414
0.097229
0.063171
0.041077
0.026672
0.017319
0.011246
0.007305
0.004742
0.003080
0.002001
0.001299
0.000844
0.000548
0.000356
0.000231
0.000150
0.000097
0.000063
0.000041
0.000027
0.000017
0.000011
0.000007
0.000005
0.000003
0.141113
0.929688
0.953613
0.732422
0.508789
0.339600
0.223145
0.145630
0.094727
0.061584
0.040009
0.025970
0.016861
0.010956
0.007111
0.004620
0.003000
0.001948
0.001266
0.000822
0.000534
0.000346
0.000225
0.000146
0.000095
0.000062
0.000040
0.000026
0.000017
0.000011
0.000007
0.000005
0.141113
0.929688
0.953613
0.732422
0.508789
0.339600
0.223145
0.145630
0.094727
0.061584
0.040009
0.025970
0.016861
0.010956
0.007111
0.004620
0.003000
0.001948
0.001266
0.000822
0.000534
0.000346
0.000225
0.000146
0.000095
0.000062
0.000040
0.000026
0.000017
0.000011
0.000007
0.000005
-0.756836
0.517578
0.993164
0.889160
0.652832
0.445557
0.295654
0.193604
0.126099
0.082031
0.053314
0.034637
0.022491
0.014610
0.009483
0.006161
0.004002
0.002598
0.001687
0.001096
0.000711
0.000462
0.000300
0.000195
0.000127
0.000082
0.000053
0.000035
0.000022
0.000015
0.000010
0.000006
-0.756836
0.517578
0.993164
0.889160
0.652832
0.445557
0.295654
0.193604
0.126099
0.082031
0.053314
0.034637
0.022491
0.014610
0.009483
0.006161
0.004002
0.002598
0.001687
0.001096
0.000711
0.000462
0.000300
0.000195
0.000127
0.000082
0.000053
0.000035
0.000022
0.000015
0.000010
0.000006
-0.958984
-0.105286
0.858887
0.979980
0.776855
0.545898
0.366211
0.241089
0.157471
0.102539
0.066650
0.043274
0.028107
0.018265
0.011856
0.007702
0.005001
0.003246
0.002110
0.001369
0.000889
0.000577
0.000375
0.000243
0.000158
0.000103
0.000067
0.000043
0.000028
0.000018
0.000012
0.000008
-0.958984
-0.105286
0.858887
0.979980
0.776855
0.545898
0.366211
0.241089
0.157471
0.102539
0.066650
0.043274
0.028107
0.018265
0.011856
0.007702
0.005001
0.003246
0.002110
0.001369
0.000889
0.000577
0.000375
0.000243
0.000158
0.000103
0.000067
0.000043
0.000028
0.000018
0.000012
0.000008
