shape: [b:1, f:14, x:64, y:6, z:1, w:1, u:1, v:1, g:1] (count: 5376, original format: bfyx) raw data
0.100708
-0.043365
0.141357
-0.138428
0.151123
-0.268066
-9.234375
-0.192383
10.679688
-2.664062
0.277344
11.921875
2.687500
0.007107
-0.176147
3.523438
-2.990234
7.519531
-7.460938
-1.923828
-1.148438
-1.062500
-3.574219
4.628906
-4.589844
2.156250
-5.800781
-0.455811
2.021484
1.243164
-0.500000
0.571289
-0.018372
0.119446
-0.004269
-0.141724
0.313232
-0.224121
-6.382812
0.098572
0.163818
4.062500
-0.147705
-10.343750
2.697266
-2.662109
-1.188477
8.179688
0.571289
3.042969
1.958008
-5.863281
4.609375
-4.218750
1.252930
-4.734375
10.554688
-4.648438
4.343750
2.929688
-0.663086
-1.172852
-0.730957
0.625977
-0.147827
-0.036621
0.072632
-0.044861
0.159668
-0.266846
-10.687500
-0.368652
11.742188
-4.339844
0.296387
12.343750
2.511719
0.994141
0.024536
3.453125
-2.060547
7.109375
-8.554688
-2.236328
-1.461914
-0.734863
-2.984375
5.789062
-3.771484
1.655273
-5.765625
-0.060974
1.709961
1.948242
-0.410400
0.072632
0.002533
-0.092163
0.064453
-0.162109
0.474121
-0.336426
-8.421875
0.081787
1.882812
4.128906
-0.026581
-9.132812
2.880859
-2.861328
-1.044922
6.113281
-0.133545
2.169922
0.599121
-6.257812
6.242188
-4.863281
1.208984
-4.347656
10.726562
-5.597656
4.875000
3.613281
-1.490234
-0.708984
-0.330322
0.055573
-0.041901
-0.074585
0.093506
-0.048828
0.006195
-0.110107
-7.683594
-0.260742
10.296875
-2.896484
0.207275
11.437500
2.195312
-0.361572
-0.079285
3.517578
-4.214844
7.222656
-7.546875
-1.544922
-0.418945
-0.996582
-4.148438
4.093750
-4.839844
2.859375
-5.511719
-0.868164
2.281250
1.694336
-0.124207
0.864258
0.050690
-0.043304
0.059814
-0.119263
0.195068
-0.270996
-7.515625
-0.013565
0.849121
3.496094
-0.027161
-10.718750
2.128906
-2.314453
-1.108398
9.140625
0.936523
4.023438
2.748047
-5.054688
3.912109
-3.898438
2.220703
-4.464844
10.445312
-4.453125
4.070312
2.738281
-0.083374
-1.482422
-1.051758
0.824219
-0.153198
0.143188
-0.139160
0.228271
-0.332275
0.105896
-8.578125
-0.333008
9.859375
-2.486328
0.253418
11.382812
3.888672
0.266846
0.029282
3.888672
-3.585938
7.062500
-7.675781
-1.566406
-1.041016
-1.749023
-3.179688
4.917969
-3.839844
2.242188
-5.871094
-0.782715
2.455078
1.805664
-0.656250
0.583984
-0.216675
-0.211182
0.284668
-0.180542
0.258789
-0.383057
-7.574219
-0.160889
0.147461
3.488281
0.085449
-10.601562
2.193359
-2.470703
-0.774414
7.589844
0.205444
2.759766
1.648438
-5.675781
5.230469
-4.140625
1.399414
-4.222656
11.132812
-5.210938
4.769531
3.419922
-0.836426
-0.841309
-0.818848
0.600098
0.020737
0.164062
-0.192505
0.221191
-0.339844
0.215332
-4.523438
-0.275635
9.015625
-1.954102
0.311279
10.539062
1.853516
-0.528809
0.081360
2.800781
-4.625000
7.675781
-6.597656
-2.125000
-0.353516
-0.374268
-4.125000
3.828125
-6.359375
3.304688
-5.152344
-1.025391
2.685547
1.785156
0.401611
1.435547
-0.202148
-0.133911
0.200317
-0.057007
0.114990
-0.305664
-7.042969
-0.260986
0.641602
3.076172
0.097046
-11.835938
1.320312
-1.901367
-1.056641
10.187500
1.425781
4.277344
3.919922
-5.121094
3.654297
-3.501953
3.003906
-5.089844
9.968750
-3.367188
3.136719
2.056641
1.052734
-1.892578
-1.467773
1.352539
-0.029083
-0.044434
0.121338
-0.054016
0.374756
-0.554688
-7.238281
-0.286621
10.992188
-3.843750
0.277588
15.914062
3.710938
1.841797
-0.175903
3.791016
-1.472656
7.074219
-8.757812
-1.599609
-1.793945
-2.419922
-3.437500
4.703125
-2.572266
1.507812
-6.753906
-0.249268
1.692383
0.571289
-1.418945
-0.358643
0.056915
-0.000499
0.072754
-0.263428
0.609863
-0.375000
-11.437500
0.455078
2.148438
5.675781
-0.247803
-8.406250
4.140625
-3.681641
-1.634766
6.070312
-0.269775
2.066406
0.197510
-5.820312
5.839844
-4.824219
0.295166
-3.548828
10.546875
-5.535156
5.261719
2.691406
-2.550781
-0.395752
-0.297363
0.575684
-0.058838
0.063660
-0.031555
-0.010239
0.098572
-0.144531
12.234375
0.005569
-5.347656
-0.273926
0.039764
17.312500
8.359375
-2.085938
0.081116
-1.065430
-1.339844
2.658203
-12.601562
-3.769531
0.383545
-1.430664
-5.871094
5.855469
-3.501953
0.157837
-2.220703
-2.011719
-4.039062
1.241211
0.417969
0.832520
-0.104004
0.051666
-0.049133
0.030045
-0.062683
0.049286
23.140625
0.057404
-11.296875
2.183594
0.017410
4.113281
-3.949219
0.560547
0.296875
1.001953
-0.593750
0.287598
0.237671
-4.589844
-1.355469
0.423096
5.210938
3.001953
1.053711
0.299316
3.685547
2.003906
2.609375
1.607422
-1.098633
1.333008
0.046509
0.049133
0.014069
-0.123047
0.228516
-0.258789
10.382812
0.010040
-5.417969
1.246094
0.155029
16.578125
8.710938
-2.804688
-0.018631
-1.353516
-1.487305
2.572266
-13.796875
-4.281250
0.863281
-1.673828
-4.796875
6.429688
-3.171875
-0.168091
-2.492188
-2.363281
-3.365234
1.757812
0.507812
0.823730
-0.014984
0.100586
-0.161987
0.093201
-0.176880
0.127808
23.156250
0.197388
-11.539062
2.193359
-0.029770
4.554688
-5.332031
0.640625
0.493652
0.794922
-0.580566
-0.171509
1.092773
-4.480469
-0.777344
0.274658
4.378906
2.753906
1.364258
0.341309
4.109375
2.333984
2.277344
2.068359
-0.687012
0.681641
-0.094604
-0.062042
-0.000743
0.092041
-0.109436
-0.002106
7.687500
-0.141479
-4.328125
-0.568359
0.119446
18.328125
8.921875
-2.228516
0.109436
-1.298828
-1.648438
2.546875
-12.281250
-3.626953
-0.032349
-1.311523
-6.089844
5.226562
-3.558594
0.395752
-2.238281
-2.218750
-3.482422
1.717773
0.417480
1.273438
0.063354
-0.099243
0.160034
-0.071960
0.111877
-0.147827
24.828125
0.080872
-11.914062
2.568359
0.029816
4.949219
-3.181641
0.140869
0.180786
0.978027
-0.560059
0.301025
-0.122925
-4.730469
-1.899414
0.614258
5.839844
2.919922
1.079102
0.479736
3.578125
2.605469
2.884766
1.082031
-1.342773
1.373047
-0.052124
-0.083069
0.083374
-0.001054
0.011681
-0.092407
6.628906
-0.131958
-3.802734
-1.018555
0.135498
17.765625
8.773438
-2.171875
0.046570
-1.254883
-1.524414
2.552734
-12.906250
-3.714844
0.173462
-1.929688
-5.437500
5.589844
-3.044922
0.257568
-2.414062
-2.330078
-3.070312
1.717773
0.073486
1.273438
0.076050
-0.060181
0.068604
-0.082092
0.123840
-0.130859
27.359375
0.033569
-12.796875
2.285156
0.052155
5.867188
-3.705078
0.103149
0.324463
0.797852
-0.535156
0.035522
0.057159
-4.558594
-1.341797
0.732910
5.128906
3.060547
1.451172
0.383057
3.482422
2.789062
2.628906
1.416016
-1.210938
1.173828
-0.018570
0.103088
-0.122498
0.176880
-0.245605
0.087097
3.628906
-0.186523
-3.298828
-1.376953
0.169800
19.062500
8.914062
-1.737305
0.121399
-1.186523
-1.604492
2.474609
-10.960938
-3.234375
-0.035187
-1.152344
-6.398438
5.007812
-4.484375
0.682617
-1.512695
-2.291016
-3.050781
2.097656
0.927246
1.735352
-0.122070
-0.048492
0.148315
-0.057953
0.128540
-0.199585
26.437500
0.024826
-12.710938
3.111328
0.116211
5.558594
-1.535156
-0.078613
0.183960
1.150391
-0.562500
0.604980
-0.974121
-4.621094
-2.000000
0.600098
6.632812
2.273438
0.921387
0.824219
2.621094
3.050781
3.593750
0.310059
-1.512695
1.504883
-0.022720
-0.017426
0.004700
-0.048340
0.096008
-0.108398
3.931641
0.002092
-3.792969
0.960938
0.063965
14.664062
8.484375
-3.029297
-0.129517
-1.155273
-1.339844
2.683594
-14.921875
-4.218750
0.345947
-2.333984
-5.437500
6.386719
-1.854492
-0.831055
-4.042969
-1.773438
-4.757812
-0.292480
-0.633301
-0.234497
0.010559
-0.022232
0.001020
0.001750
0.006439
0.044495
24.390625
0.099365
-10.632812
-0.082825
0.020462
3.587891
-6.601562
0.476074
0.439453
0.561523
-0.621094
-0.158203
1.502930
-4.746094
-0.254150
0.746094
4.046875
4.578125
1.409180
-0.262695
5.871094
0.911133
1.006836
3.623047
-0.662109
1.452148
0.524902
-0.159302
0.370361
-0.424561
0.421631
-0.407471
-15.296875
-0.341553
1.615234
-1.281250
0.324463
9.843750
3.158203
-1.223633
-0.146606
2.634766
-2.988281
4.457031
-6.875000
3.585938
-3.884766
-4.445312
0.042175
4.210938
-2.318359
2.210938
0.028336
6.269531
-2.089844
1.138672
0.760742
0.393311
-0.394775
0.427002
-0.236206
-0.144165
0.343750
-0.389893
14.687500
0.186035
-8.109375
3.349609
-0.076294
-2.531250
-0.238159
-2.214844
-0.723145
6.054688
0.555176
0.796875
0.341064
-4.683594
5.175781
-2.482422
0.065918
1.959961
-2.146484
2.746094
3.666016
2.050781
2.277344
0.130493
-0.639648
0.848145
0.995117
-0.845703
0.869141
-0.734375
0.837891
-0.589844
-18.640625
-0.590820
2.251953
-0.868164
0.596680
8.687500
2.824219
-2.326172
-0.401611
3.105469
-3.365234
4.445312
-5.640625
3.013672
-4.773438
-3.875000
0.589355
3.091797
-3.990234
3.136719
1.109375
5.148438
-1.560547
1.102539
1.510742
0.986816
0.690430
0.406250
-0.207886
-0.428711
0.610840
-0.463867
17.187500
0.214111
-10.281250
4.871094
-0.201294
-2.496094
-1.979492
-2.798828
-0.859375
5.660156
0.315674
-0.008667
0.451660
-4.785156
6.238281
-2.371094
1.263672
1.750977
-3.394531
3.070312
2.992188
2.269531
2.904297
-0.634277
-1.006836
0.954590
0.093750
-0.254395
0.288574
-0.182739
0.161865
-0.136230
-16.750000
-0.323975
2.666016
-1.254883
0.304199
9.851562
3.720703
-0.662109
-0.123779
2.560547
-3.556641
4.261719
-6.753906
3.503906
-3.320312
-3.960938
-0.210083
4.277344
-2.500000
2.216797
0.206543
6.394531
-2.240234
1.090820
0.808105
0.423096
0.249390
0.016098
0.079895
-0.267090
0.373535
-0.347656
11.031250
0.080322
-7.433594
3.046875
-0.047791
-2.146484
-0.424072
-2.144531
-0.716797
6.554688
0.572754
1.394531
0.106750
-3.998047
4.363281
-2.154297
-0.076416
1.427734
-2.001953
2.630859
3.677734
2.324219
2.357422
0.118042
-0.645020
0.759277
-0.453857
-0.393799
0.501953
-0.220703
0.132568
-0.254883
-21.078125
-0.480225
1.880859
-0.592773
0.402832
8.148438
2.958984
-1.648438
-0.094604
3.205078
-3.914062
4.625000
-6.351562
3.216797
-3.759766
-3.876953
0.268066
3.216797
-2.787109
2.599609
0.715332
5.804688
-1.398438
2.259766
1.321289
1.029297
0.401855
-0.289551
0.255127
-0.485840
0.541016
-0.466797
11.617188
0.130859
-7.832031
2.677734
-0.072021
-3.580078
-0.748047
-2.130859
-0.791504
6.257812
0.783203
0.577148
0.418701
-4.328125
4.945312
-2.181641
0.153198
0.803223
-2.724609
2.566406
2.892578
1.872070
2.759766
-0.521484
-1.179688
1.198242
-0.047089
-0.002674
-0.048523
0.178345
-0.302002
0.161133
-17.000000
-0.326904
1.479492
0.684082
0.264893
9.710938
4.179688
-1.223633
0.000656
2.082031
-3.212891
4.582031
-7.394531
3.642578
-2.751953
-3.753906
-0.477295
5.386719
-1.797852
1.984375
-0.041504
6.835938
-1.928711
1.719727
0.565918
0.575195
-0.009499
-0.131470
0.183105
-0.161011
0.161987
-0.300537
8.257812
-0.063965
-7.128906
1.670898
0.143188
-3.970703
-0.077087
-1.686523
-0.372803
6.492188
0.777832
1.342773
0.405518
-4.355469
4.691406
-2.152344
-0.969238
1.030273
-1.107422
2.439453
3.703125
2.375000
2.382812
0.196167
-0.777832
0.797363
-0.033142
0.442627
-0.065491
0.081360
0.118958
-0.237915
-22.593750
-0.523926
3.843750
-2.339844
0.512695
8.976562
2.042969
-1.953125
-0.189697
3.675781
-3.732422
4.238281
-5.972656
3.070312
-4.414062
-4.218750
0.679199
3.322266
-3.492188
2.498047
0.889160
5.597656
-1.758789
1.444336
1.517578
0.819824
-0.774414
-0.437744
0.595703
-0.551758
0.843262
-0.514160
8.789062
0.069458
-8.304688
4.531250
-0.052216
-1.208984
-0.974121
-2.822266
-1.038086
6.292969
0.645996
0.891113
0.312256
-4.320312
5.277344
-2.046875
1.796875
1.362305
-3.625000
3.175781
3.265625
2.900391
2.621094
-0.544434
-0.775391
0.850098
0.201538
-0.050842
0.151855
0.030441
0.007572
-0.067932
-6.414062
0.021317
3.693359
-5.062500
0.054169
-11.210938
3.083984
0.838867
0.122192
5.789062
-0.390625
-5.253906
-3.031250
2.128906
10.992188
-1.324219
-1.492188
3.785156
-17.906250
2.658203
-0.864258
-4.281250
-1.676758
1.040039
1.337891
1.323242
-0.179688
0.124207
0.117004
-0.044312
0.055298
-0.090332
-11.078125
0.027908
5.933594
-2.865234
0.022751
16.984375
1.918945
-2.048828
-0.882324
8.414062
7.382812
2.023438
-5.882812
-2.931641
1.377930
-1.913086
8.234375
7.089844
4.304688
-1.279297
2.058594
1.850586
3.037109
0.903809
-0.901855
0.278564
-0.153442
-0.077759
-0.022110
0.232910
-0.232666
0.080566
-5.558594
-0.033447
4.140625
-4.957031
0.127686
-11.875000
2.224609
0.833984
0.196899
6.675781
-0.405518
-4.632812
-1.703125
1.862305
11.234375
-1.116211
-1.551758
3.873047
-18.562500
2.806641
-0.632324
-5.089844
-1.712891
1.183594
1.019531
1.463867
0.244873
-0.276611
0.391113
0.018936
0.063599
0.051392
-11.976562
-0.020172
5.882812
-3.615234
0.011986
17.890625
2.265625
-1.496094
-0.933105
8.242188
7.734375
2.046875
-6.343750
-2.371094
0.815430
-1.918945
8.000000
6.589844
4.460938
-1.490234
1.941406
2.191406
3.289062
0.826660
-0.756348
-0.106323
0.079346
-0.157471
0.193481
-0.110718
0.088135
-0.080139
-4.273438
-0.123291
3.574219
-4.074219
0.240723
-12.531250
3.429688
0.436035
0.197998
5.855469
-0.829590
-5.152344
-4.050781
2.501953
11.062500
-1.773438
-1.407227
4.132812
-17.578125
2.496094
-1.175781
-4.640625
-1.619141
1.229492
1.057617
1.361328
0.182129
0.005589
0.039734
-0.169800
0.199585
-0.151123
-10.695312
0.057922
5.191406
-3.208984
-0.005466
15.960938
1.222656
-2.173828
-1.062500
8.351562
7.609375
1.808594
-4.910156
-3.259766
1.729492
-1.820312
8.328125
7.042969
4.230469
-0.857910
2.212891
2.656250
2.900391
0.901855
-0.839355
0.175781
-0.174316
-0.046967
-0.000050
0.018738
-0.055695
-0.047302
-3.871094
-0.206299
2.861328
-4.019531
0.247803
-12.234375
3.994141
0.506836
0.139526
6.671875
-0.617676
-4.648438
-3.531250
2.898438
10.984375
-1.940430
-1.292969
4.101562
-16.406250
3.042969
-0.944824
-4.511719
-1.421875
1.455078
1.393555
1.406250
0.045807
-0.154907
0.190674
-0.140381
0.232788
-0.285156
-11.304688
0.030640
6.570312
-3.955078
0.048462
16.140625
1.568359
-2.039062
-0.947266
8.304688
7.777344
2.134766
-5.441406
-3.289062
1.368164
-1.990234
7.535156
6.957031
5.078125
-1.243164
2.408203
3.009766
3.042969
0.779785
-1.016602
0.454102
-0.130249
-0.064270
0.092346
0.043243
-0.013596
0.004181
-2.742188
-0.213013
2.228516
-3.292969
0.347656
-12.929688
3.539062
-0.079346
0.255371
5.222656
-1.420898
-5.464844
-5.515625
2.628906
11.031250
-1.791016
-1.677734
4.761719
-17.156250
2.884766
-1.168945
-4.269531
-1.541016
1.564453
1.756836
1.449219
0.000902
-0.153442
0.163696
-0.181396
0.267822
-0.286865
-10.398438
-0.038361
5.523438
-3.494141
0.088196
14.117188
0.686035
-2.359375
-0.887207
8.195312
7.484375
1.360352
-3.529297
-4.503906
2.585938
-1.750000
8.000000
7.398438
4.371094
-0.390137
2.365234
2.699219
3.140625
0.708984
-1.174805
0.727051
0.258057
0.283203
-0.510254
0.230591
-0.398193
0.225830
-1.029297
0.092041
2.714844
-5.351562
0.002972
-10.500000
3.019531
1.504883
0.157959
6.671875
0.122559
-4.539062
-0.785156
2.406250
10.703125
-1.106445
-1.581055
3.123047
-17.390625
2.544922
-0.747070
-4.742188
-1.563477
0.741211
0.903320
1.419922
-0.105530
0.158325
-0.010567
0.245728
-0.106873
0.032959
-13.945312
-0.044891
6.722656
-3.269531
-0.013138
18.250000
3.488281
-1.742188
-1.265625
8.437500
7.496094
2.833984
-8.312500
-1.488281
0.363770
-2.195312
7.511719
6.429688
4.972656
-1.792969
1.950195
1.908203
3.007812
0.865234
-0.806152
0.168213
0.033264
-0.048767
0.050171
-0.039917
0.134033
-0.208984
7.218750
-0.058441
16.656250
0.081970
0.071533
10.289062
6.574219
0.778809
0.383789
-1.202148
-4.812500
7.199219
-4.281250
-1.047852
7.144531
-0.936035
4.523438
-1.400391
-2.412109
-0.638672
-0.135254
-6.402344
2.927734
1.647461
1.794922
2.937500
-0.004139
0.019989
0.044617
-0.016159
0.150879
-0.153198
-10.781250
0.068604
0.193359
7.441406
-0.004642
-20.843750
-1.786133
-2.476562
-1.439453
9.937500
-1.658203
2.833984
4.164062
-5.882812
0.978027
-2.812500
1.204102
-2.464844
12.437500
-6.054688
1.009766
0.613770
2.441406
0.085205
-2.476562
1.645508
0.150879
-0.050934
0.159546
-0.153442
0.216797
-0.290771
8.890625
-0.028870
17.671875
-1.610352
0.036194
8.812500
5.558594
0.159180
0.723145
-3.427734
-5.664062
6.882812
-4.367188
-0.925293
7.250000
0.098694
4.125000
-3.082031
-3.855469
-0.638184
-0.136719
-7.050781
2.992188
1.686523
2.201172
3.703125
-0.058472
0.164917
-0.096069
-0.073975
0.154785
-0.272949
-11.789062
0.134399
2.656250
8.093750
0.044708
-22.390625
-2.433594
-2.953125
-1.204102
12.078125
-1.642578
3.822266
4.375000
-5.292969
0.212036
-3.207031
1.012695
-4.480469
11.148438
-5.542969
-0.075623
-0.885254
3.210938
-0.521973
-3.230469
1.949219
0.035583
-0.064331
0.118958
-0.162964
0.178467
-0.202026
8.562500
-0.104370
16.812500
-0.618164
0.062805
11.171875
6.031250
0.407227
0.276367
-1.159180
-4.886719
7.011719
-4.316406
-0.994141
7.289062
-1.186523
4.648438
-0.718750
-1.548828
-1.147461
-0.108948
-6.128906
3.169922
1.880859
1.895508
2.796875
0.120483
0.022476
-0.070679
-0.100830
0.170776
-0.134644
-9.398438
0.028275
1.352539
7.464844
-0.013138
-20.375000
-0.977051
-2.386719
-1.505859
9.898438
-1.664062
3.029297
3.972656
-5.875000
1.000000
-2.431641
1.824219
-2.427734
12.156250
-6.031250
1.317383
1.583984
1.956055
0.166260
-2.332031
1.550781
-0.155273
-0.118164
0.144287
0.016968
-0.051208
-0.080688
11.265625
-0.142212
17.109375
-1.737305
0.118164
10.851562
6.035156
0.893555
0.732910
-3.095703
-5.503906
6.789062
-4.113281
-1.364258
7.144531
-0.181396
4.253906
-2.126953
-3.404297
-0.288818
0.274414
-6.875000
3.414062
1.694336
2.445312
3.591797
0.156860
-0.171875
0.188599
-0.199341
0.323730
-0.408203
-10.820312
0.009232
2.361328
7.886719
0.068115
-21.437500
-1.550781
-2.218750
-0.975098
11.015625
-1.400391
3.773438
4.593750
-5.484375
0.230713
-2.437500
1.929688
-3.769531
10.960938
-5.300781
-0.005470
-0.429688
3.037109
-0.580078
-3.119141
2.093750
-0.108765
0.016556
0.043182
0.054626
-0.081543
-0.077026
8.343750
-0.127563
15.945312
-0.770996
0.126587
13.195312
6.617188
0.864258
-0.059509
1.191406
-3.990234
7.359375
-3.933594
-1.241211
7.042969
-2.025391
5.121094
0.750000
-0.451660
-1.218750
0.074463
-4.953125
2.695312
2.015625
1.207031
1.984375
-0.042999
-0.107361
0.188354
-0.170166
0.247070
-0.223511
-6.410156
-0.091003
1.218750
6.910156
-0.020615
-17.796875
0.366943
-2.248047
-1.500000
7.906250
-1.589844
2.328125
3.511719
-6.386719
1.496094
-2.289062
1.675781
-0.795898
13.328125
-6.722656
2.242188
2.992188
1.288086
0.769531
-1.506836
1.015625
0.022659
0.027771
-0.040527
0.053772
-0.041840
-0.076477
12.390625
0.014572
18.234375
-2.291016
0.032928
8.789062
6.585938
0.572266
0.992188
-4.449219
-5.988281
6.675781
-4.523438
-0.771973
7.207031
0.071899
3.990234
-3.699219
-4.359375
-0.350586
-0.347900
-7.410156
2.980469
1.106445
2.111328
3.810547
-0.062744
-0.022629
0.070984
-0.060242
0.239746
-0.295166
-9.632812
0.138062
4.855469
8.234375
0.100037
-22.593750
-2.593750
-2.937500
-1.110352
12.406250
-1.781250
4.246094
4.476562
-5.222656
-0.077026
-3.128906
1.081055
-4.425781
11.109375
-5.632812
-0.403320
-1.967773
3.369141
-0.467773
-3.447266
2.121094
2.291016
-2.994141
4.593750
-5.644531
7.371094
-4.062500
-1.363281
-1.619141
1.038086
-2.103516
2.328125
-0.137939
-0.550781
0.329590
1.027344
-1.765625
1.720703
3.302734
3.296875
-0.711426
0.485596
-1.595703
-2.259766
1.458008
-2.287109
1.226562
1.712891
0.197510
1.208984
0.816895
0.181519
1.055664
1.255859
5.187500
-3.220703
-0.566895
0.103149
-0.758301
1.394531
2.623047
2.195312
-0.523438
0.010071
2.152344
0.907227
-0.602539
-0.748047
-1.360352
1.578125
-1.494141
-0.458496
-1.441406
1.844727
-0.218384
-1.943359
-1.328125
3.437500
-1.688477
1.070312
1.027344
1.324219
-0.436035
-0.807129
0.552734
-0.549805
-4.593750
4.074219
-6.406250
7.789062
-4.164062
-3.046875
-1.091797
2.066406
-2.117188
2.068359
-1.274414
-1.598633
-0.301270
0.805664
-0.831055
2.326172
3.958984
3.562500
-2.998047
1.669922
-1.453125
-2.457031
-0.460693
-5.007812
1.302734
2.765625
2.033203
1.546875
1.658203
-0.215332
1.677734
4.847656
3.435547
-1.293945
-1.171875
0.866211
-0.228271
1.490234
2.248047
2.769531
-0.691895
-0.145264
2.589844
0.131104
-0.417236
-1.153320
-0.734863
2.173828
-1.592773
0.248047
-0.922852
1.887695
0.204590
-2.318359
-2.468750
3.599609
-2.707031
1.010742
0.498291
2.183594
-0.738281
-0.985840
0.206177
-2.509766
-6.074219
5.671875
-4.472656
6.765625
-3.560547
-0.913574
-1.772461
-0.138916
-1.661133
2.150391
-0.385010
1.231445
0.007889
0.608398
-2.042969
1.699219
3.140625
3.925781
-1.182617
0.628906
-1.144531
-2.630859
1.963867
-2.236328
1.368164
1.717773
0.870117
0.966797
0.729004
0.446533
0.750000
0.742676
-1.735352
1.292969
-3.623047
2.531250
-1.528320
0.903809
2.308594
0.857422
-1.217773
0.071045
1.379883
0.844238
-0.292236
-0.916504
-1.126953
1.522461
-0.914551
-0.472168
-1.815430
2.142578
-0.277344
-2.300781
-1.631836
3.035156
-1.428711
0.952637
0.569336
1.170898
-0.444580
-0.694824
0.612793
-3.582031
-4.160156
3.974609
-4.453125
6.808594
-4.109375
-1.180664
-1.175781
0.642578
-1.125000
1.767578
-0.321289
1.195312
-0.229248
0.295410
-2.066406
1.947266
2.953125
3.248047
-1.321289
0.660156
-1.638672
-2.542969
0.926758
-2.732422
1.487305
1.650391
-0.000924
1.179688
1.306641
-0.148438
1.089844
-2.523438
-3.763672
2.583984
-3.826172
2.691406
-1.086914
1.144531
2.316406
1.893555
-1.449219
-0.166992
1.931641
0.441162
-0.292480
-0.725098
-0.339111
1.357422
-1.486328
-0.181763
-0.872559
1.351562
-0.037659
-2.462891
-2.160156
3.232422
-1.853516
0.521973
0.493896
1.520508
-0.645996
-0.815430
0.282715
-0.261230
2.013672
3.291016
0.127319
4.714844
-2.382812
-0.773926
-2.742188
-0.291992
-1.699219
2.265625
-0.379639
3.279297
1.000977
1.287109
-1.631836
1.497070
3.160156
4.105469
-0.501953
-0.595703
-1.102539
-2.013672
2.312500
-1.363281
0.870605
0.811523
-0.746582
1.328125
0.425781
0.925781
0.711426
-0.419189
-6.332031
6.566406
-5.968750
5.718750
-3.718750
1.915039
1.788086
0.400879
-0.989746
-0.098816
1.484375
1.570312
-0.233154
-0.845703
-2.056641
1.588867
-0.916504
-0.927246
-2.218750
2.093750
-0.810547
-2.367188
-1.529297
2.394531
-0.204834
1.446289
1.075195
0.668945
-0.388916
-0.638184
1.087891
5.457031
1.439453
0.527344
-3.253906
6.390625
-4.390625
-2.722656
-0.568359
1.695312
-2.154297
1.434570
-0.259033
-3.664062
-0.388916
-0.099731
-1.536133
2.421875
2.738281
2.570312
-2.320312
1.309570
-1.885742
-2.669922
-0.707031
-3.710938
1.573242
2.396484
1.328125
1.315430
1.543945
-0.411377
1.517578
-2.363281
-5.398438
3.230469
-5.531250
4.160156
-0.931641
-0.174072
2.550781
3.664062
-0.897461
-0.462891
3.113281
0.137329
0.145264
-1.461914
0.144775
1.427734
-2.544922
0.303223
-0.878906
1.403320
0.316895
-2.390625
-1.523438
3.996094
-2.652344
0.719238
0.391357
2.150391
-0.595703
-1.056641
0.166382
0.828613
-0.336670
0.652344
-1.054688
1.641602
-1.077148
0.840332
-0.476562
10.640625
-0.860840
0.697266
-6.335938
-1.604492
0.296631
0.096558
-1.120117
-1.242188
3.873047
6.164062
0.154053
0.684082
-0.202759
1.211914
5.996094
0.015221
2.142578
-0.419678
-0.855469
-0.086609
0.142090
0.897949
0.526855
0.017227
0.737793
-0.626953
-0.148560
0.425293
-0.458252
3.582031
0.357178
23.250000
6.406250
-0.588867
10.359375
1.759766
-2.554688
-1.771484
4.597656
0.645508
-0.629395
0.736328
-3.390625
1.666016
-2.251953
-0.233154
2.650391
1.872070
1.506836
0.513184
0.389893
1.419922
-0.583496
-0.475586
0.257324
0.531250
-1.306641
1.912109
-1.952148
2.943359
-1.816406
-0.039856
-0.991699
11.593750
-1.107422
1.118164
-6.980469
-3.369141
1.078125
0.532715
-1.116211
-0.872070
3.201172
6.128906
-1.167969
0.898926
0.017883
1.723633
6.292969
0.007713
1.621094
-0.557617
-0.802734
0.093079
0.322021
0.634277
0.299316
1.329102
0.926270
-1.248047
-0.621094
1.387695
-0.251953
5.234375
0.634766
23.312500
7.132812
-0.722656
11.414062
2.066406
-3.373047
-2.447266
4.324219
0.910156
-0.487793
0.059387
-2.085938
2.148438
-1.943359
0.112366
1.821289
1.164062
1.303711
0.672363
0.238159
0.772949
-0.211182
-0.110535
0.279541
-0.196899
-0.596191
0.753418
-0.432373
0.669922
-0.379883
-0.010231
-0.541992
9.281250
-0.500000
0.721191
-7.644531
0.110352
0.299561
0.259033
-0.796387
-1.859375
3.923828
5.718750
0.673340
1.243164
-0.198730
0.787109
6.031250
0.139893
2.162109
-0.656250
-0.510254
-0.102905
0.303467
0.942383
0.520020
0.696777
-0.095886
0.197021
-0.673828
0.869629
-0.554688
3.546875
0.094727
24.125000
5.980469
-0.358887
9.750000
1.935547
-2.460938
-1.770508
4.996094
0.713379
0.184082
0.621094
-3.296875
1.626953
-2.257812
-0.238037
2.648438
2.050781
1.603516
0.594727
0.182251
1.474609
-0.571777
-0.477783
0.369385
-0.990234
-0.531738
1.150391
-0.656738
1.053711
-0.813477
1.999023
-0.621582
9.773438
-0.778809
0.679199
-6.171875
1.682617
1.043945
0.431641
-0.669922
-1.458984
3.017578
5.765625
0.688477
0.850098
-0.602539
0.991699
5.492188
0.956055
2.882812
-0.738770
-1.694336
0.413818
-0.295410
1.166016
0.545898
0.196167
-0.937988
0.864258
-1.128906
1.306641
-0.734375
5.105469
0.380127
24.296875
6.398438
-0.310059
11.437500
1.543945
-2.462891
-1.665039
5.238281
0.359619
0.388672
0.781738
-2.183594
0.450928
-2.699219
-0.126099
2.955078
1.489258
1.957031
0.825684
0.283203
1.181641
-0.791992
-0.532715
0.345947
-0.589355
-0.082031
0.140259
0.154297
0.030655
-0.077820
0.762207
-0.468506
8.273438
-0.709961
0.651367
-6.546875
1.286133
0.456787
0.247681
-0.649902
-1.483398
4.109375
6.601562
0.637695
0.655762
-0.474121
1.001953
6.105469
-0.483643
2.419922
-0.547852
-0.888672
-0.029160
0.140015
1.022461
0.683594
-0.386230
-0.523926
0.573242
-0.743652
0.835449
-0.684570
2.234375
0.045166
25.390625
6.109375
-0.387695
10.015625
1.958008
-2.072266
-1.647461
4.843750
0.732422
0.392090
1.074219
-3.615234
0.907715
-2.707031
0.131226
2.890625
2.115234
2.283203
0.503906
0.392090
1.863281
-0.789551
-0.380615
0.189209
0.426758
0.904297
0.652832
-0.637695
1.651367
-1.754883
-1.159180
-0.932617
7.488281
-3.089844
1.007812
-5.910156
-3.554688
1.097656
0.666992
-0.585938
-0.788574
2.775391
5.058594
-0.071472
1.084961
-0.794434
0.930664
5.214844
0.936523
2.339844
-0.905273
-1.261719
0.063416
-0.292725
0.682129
0.084900
-0.885742
-1.298828
1.884766
-1.957031
2.601562
-1.536133
5.914062
0.894531
22.812500
7.425781
-0.452393
12.148438
2.195312
-3.287109
-1.762695
4.933594
0.959961
-0.267578
0.079590
-1.781250
1.737305
-1.979492
-0.595215
2.763672
1.222656
1.244141
1.113281
0.153564
0.492432
-0.208862
-0.321777
0.409424
-0.862305
-0.419678
1.377930
0.701172
1.346680
0.312256
-0.073669
-9.625000
0.175293
0.315918
-0.587402
1.248047
-33.218750
0.830078
-0.934082
1.021484
1.075195
-2.515625
0.399658
-3.591797
-6.562500
1.879883
-1.936523
-5.089844
1.036133
3.375000
1.424805
-2.251953
2.568359
-0.433105
-0.387939
-1.393555
0.241211
0.891602
-0.435059
-0.245728
-0.118652
1.165039
1.759766
-20.953125
0.046173
-0.348389
-0.279053
-0.111328
7.378906
0.120300
1.206055
0.136719
-0.088318
1.804688
-7.730469
0.739746
1.221680
3.035156
-2.193359
5.574219
0.254395
0.842285
-5.343750
-1.793945
1.980469
0.909180
1.700195
-0.556152
-0.642578
-1.121094
1.479492
0.744629
1.309570
0.143677
-0.238281
-7.562500
0.434570
4.777344
-0.135254
4.730469
-36.312500
0.168945
-3.228516
1.165039
2.462891
-1.529297
0.625488
-3.857422
-4.921875
2.525391
-1.652344
-7.683594
-0.012611
2.630859
1.952148
-1.630859
2.539062
-0.064087
-0.985352
-0.941406
-0.627930
0.583496
-0.411865
-0.490479
0.664062
0.658691
2.177734
-20.453125
-0.066528
-1.006836
-0.530273
-0.180420
7.214844
2.373047
1.033203
0.458740
2.007812
0.052460
-9.125000
1.266602
-1.624023
0.019333
-2.404297
6.324219
1.448242
0.464600
-5.437500
-1.331055
1.387695
0.084351
1.631836
-0.282715
0.085388
-0.776367
1.011719
0.748535
1.209961
0.085022
-0.269287
-6.843750
0.080139
-2.509766
-0.410645
0.594727
-34.062500
0.516602
-1.029297
0.969727
0.659180
-1.840820
1.169922
-3.337891
-7.550781
1.809570
-1.505859
-2.630859
1.073242
3.894531
0.955078
-0.827148
0.788574
-0.290283
0.163818
-0.049713
-0.645996
-0.013779
0.245483
0.209229
-0.193359
1.104492
1.662109
-23.140625
0.052277
-0.463135
-0.290039
-0.581055
6.332031
0.309082
0.943359
0.111755
-3.175781
2.593750
-6.011719
0.131958
2.529297
2.919922
-1.603516
5.808594
0.278076
0.113342
-4.277344
-0.482666
0.677734
0.620117
0.610352
-0.119507
1.768555
-1.677734
1.973633
1.453125
1.859375
-0.295654
-0.415283
-7.171875
0.558105
-0.891602
-1.146484
0.899902
-32.750000
0.645508
-1.782227
1.764648
0.389893
-1.575195
-0.238647
-5.187500
-6.628906
2.005859
-1.875000
-9.328125
1.274414
6.625000
1.375000
-5.324219
5.175781
-1.687500
-2.199219
-5.011719
-0.568359
-1.288086
1.218750
0.611816
0.927246
1.989258
2.623047
-23.531250
0.134888
0.111877
-0.544922
0.952148
7.660156
-0.303955
0.276855
0.318359
0.091980
3.582031
-7.242188
0.775879
0.297607
6.609375
-4.015625
5.125000
-0.217285
1.230469
-8.585938
-2.146484
2.279297
5.054688
4.707031
-1.793945
1.100586
-0.469238
0.394287
0.373047
1.476562
-0.333740
-0.553223
-5.531250
0.220581
-2.304688
-1.007812
0.110046
-30.671875
0.304688
-0.473633
1.080078
0.690918
-1.877930
0.954590
-3.404297
-9.023438
1.639648
-1.495117
-4.300781
1.253906
3.281250
1.976562
-2.003906
1.953125
-0.629395
-1.293945
-1.795898
0.861816
-1.204102
1.576172
1.072266
0.626465
1.635742
1.563477
-22.312500
0.205566
-1.682617
-0.323242
-1.001953
6.664062
-0.175293
1.464844
0.418701
-4.000000
3.238281
-4.859375
-0.212402
2.923828
3.835938
-2.054688
4.632812
-1.190430
1.146484
-4.062500
-0.489014
1.666992
1.862305
1.448242
-1.043945
-0.108948
0.770020
0.503906
0.807129
0.377441
-0.342041
-1.020508
-4.757812
0.561035
2.662109
-0.453857
3.462891
-35.937500
0.682129
-2.164062
1.074219
0.995117
-2.207031
0.094849
-3.707031
-4.277344
1.864258
-1.935547
-5.820312
0.821289
3.175781
1.035156
-1.599609
2.630859
-0.177368
0.479736
0.087769
0.573730
-0.860840
1.494141
0.155518
1.781250
0.382568
2.306641
-21.921875
0.007797
1.735352
-0.763184
0.467773
6.550781
0.562500
1.027344
0.265869
2.916016
1.553711
-9.390625
0.941895
-1.559570
1.766602
-1.883789
5.933594
1.159180
0.447754
-5.605469
-0.818848
1.424805
0.027939
1.214844
0.164795
-0.001086
-0.003561
0.010895
-0.063293
-0.030777
0.044067
-0.016129
-0.599609
-0.018280
1.039062
-0.047272
1.746094
2.761719
1.402344
-3.388672
0.135986
-0.203247
-12.562500
-7.886719
10.562500
-14.640625
-1.901367
-17.921875
27.609375
9.265625
-1.434570
4.406250
-5.175781
4.835938
-2.023438
-1.170898
-1.791016
0.004818
-0.003035
0.007233
-0.031982
0.047699
-0.153076
-0.035400
-1.730469
-0.062103
2.550781
0.041656
0.133545
-0.798340
0.216064
1.229492
-0.024094
2.005859
-20.828125
-10.359375
2.931641
-12.773438
-0.887207
-14.703125
-2.412109
-35.968750
12.476562
-6.949219
0.140259
5.003906
-0.648438
2.541016
-0.801758
0.002020
-0.006264
-0.009682
0.020203
-0.001090
0.005920
-0.041260
-0.312256
0.035309
1.386719
0.001760
1.195312
3.066406
0.967773
-3.277344
0.160645
-0.088440
-11.820312
-8.453125
11.187500
-15.734375
-3.082031
-19.125000
29.640625
10.078125
-4.339844
4.410156
-5.191406
4.687500
-2.134766
-2.509766
-0.877441
-0.011986
-0.027374
0.037201
-0.042755
0.010139
-0.048767
0.035583
-1.134766
-0.058960
3.078125
0.040253
-0.243774
-1.178711
1.005859
2.060547
-0.116394
1.411133
-21.390625
-10.835938
3.253906
-13.210938
-1.467773
-17.390625
-1.247070
-35.937500
11.539062
-6.382812
0.142212
5.558594
-0.081543
3.050781
-0.549805
0.012726
0.019348
-0.022766
-0.049561
0.007927
-0.047760
-0.003983
0.170166
0.017242
0.710449
-0.046387
0.983887
1.512695
1.381836
-3.382812
0.145508
-1.362305
-12.078125
-7.414062
10.210938
-14.617188
-2.250000
-17.281250
27.734375
9.453125
-0.417969
4.394531
-4.316406
4.839844
-1.911133
-0.733887
-1.309570
0.004841
-0.024185
0.014999
-0.032288
0.062988
-0.074280
-0.059509
-2.119141
-0.009270
1.971680
-0.020020
0.392578
-0.885742
0.977051
1.563477
0.060974
2.023438
-22.171875
-10.085938
2.804688
-11.875000
-1.167969
-14.015625
-2.916016
-36.500000
12.507812
-7.324219
0.321289
5.156250
1.196289
2.361328
-0.749512
0.010780
-0.027008
0.032013
0.033813
-0.067993
0.045471
0.011940
-0.751465
0.029938
1.357422
-0.057770
0.933594
0.777344
0.727051
-2.269531
0.095215
-0.154541
-12.875000
-8.109375
10.554688
-15.179688
-2.746094
-18.109375
28.843750
9.250000
-0.719238
4.546875
-5.144531
4.578125
-1.896484
-1.156250
-1.630859
-0.015686
0.009033
-0.046661
0.050110
0.029602
-0.009415
0.107422
-1.544922
-0.084473
1.572266
0.032349
0.084961
-0.782715
1.280273
1.164062
-0.014984
2.876953
-22.046875
-9.820312
2.490234
-11.515625
-0.923340
-15.125000
-2.798828
-34.906250
12.531250
-7.292969
0.357178
5.902344
2.498047
2.880859
-0.655273
-0.032928
0.040222
-0.092529
-0.115112
-0.031982
-0.055756
-0.131714
1.153320
0.132080
0.005695
-0.152466
0.790527
-0.845703
1.058594
-4.710938
0.239868
-1.199219
-12.335938
-6.539062
9.460938
-14.734375
-1.778320
-16.375000
25.921875
8.609375
0.523438
4.507812
-3.347656
3.789062
-0.690918
-2.562500
-1.748047
0.020325
-0.019409
0.063782
-0.017410
0.155029
-0.137573
-0.027710
-3.964844
-0.069275
1.816406
-0.168091
1.219727
-1.687500
0.833008
0.478271
0.187500
2.244141
-22.281250
-9.179688
1.925781
-11.039062
-0.701660
-12.015625
-3.537109
-34.937500
13.632812
-8.070312
0.475098
5.238281
3.611328
3.183594
-0.993652
0.011887
-0.000051
-0.039948
0.053467
-0.072083
0.117920
0.126831
-1.245117
-0.075806
1.208008
-0.065613
1.515625
3.929688
0.769043
-1.540039
0.098328
0.637207
-12.632812
-8.718750
11.382812
-15.687500
-2.820312
-19.656250
30.343750
9.390625
-3.962891
4.441406
-6.476562
5.316406
-2.820312
-0.951660
-1.092773
0.008888
-0.014442
-0.005409
-0.034576
-0.103577
0.034912
0.073669
-0.182495
-0.116394
2.818359
0.191650
-0.708984
-0.251709
0.114380
2.328125
-0.065735
2.673828
-20.593750
-10.828125
3.339844
-13.101562
-1.428711
-17.593750
-1.384766
-36.281250
11.187500
-6.425781
0.002192
5.992188
-1.130859
2.289062
-0.402344
-0.017242
0.004242
0.134521
0.059631
0.319824
-0.225708
0.089661
-2.613281
-0.050385
13.460938
-0.085754
-8.609375
-5.371094
-0.580078
-0.793457
-0.004684
-2.609375
7.625000
-0.710449
4.285156
-8.132812
-6.886719
5.867188
9.953125
-6.234375
9.632812
6.656250
-6.078125
6.140625
-1.079102
-0.664062
-1.354492
-0.027695
0.054718
-0.117493
0.077087
0.020645
0.402832
0.239868
0.313721
-0.084595
-26.671875
0.007523
2.027344
4.492188
0.530762
-2.396484
0.258545
-4.468750
3.404297
1.426758
-2.650391
-6.050781
5.000000
-10.218750
-4.796875
128.625000
1.717773
-17.546875
0.034576
5.148438
2.253906
3.691406
-1.428711
-0.002604
-0.090515
0.176025
0.051086
0.371094
-0.065552
0.019531
-3.167969
-0.098328
14.476562
0.104553
-10.500000
-5.539062
-0.510742
1.251953
0.130127
-2.257812
8.703125
-0.544434
5.191406
-8.375000
-6.488281
6.441406
10.406250
-6.796875
8.617188
6.527344
-6.839844
6.906250
-0.520508
-0.768066
-1.479492
-0.017517
0.028702
0.017227
0.021317
-0.003498
0.286621
0.060364
0.410889
-0.151611
-29.890625
0.078369
2.500000
4.964844
0.308594
-2.898438
0.006741
-4.902344
3.828125
2.107422
-2.667969
-6.589844
3.453125
-9.828125
-4.078125
130.375000
1.654297
-18.687500
0.483398
4.968750
1.825195
4.312500
-1.877930
0.053680
-0.074280
0.136841
-0.081726
0.366455
-0.393066
-0.125732
-3.923828
0.102356
15.648438
-0.232300
-7.781250
-4.957031
-0.393799
-0.739746
0.071228
-3.056641
7.351562
-1.027344
4.121094
-7.917969
-6.972656
5.636719
9.859375
-6.308594
9.375000
6.445312
-5.671875
5.718750
-1.142578
-0.943359
-1.331055
-0.026993
-0.057495
0.159668
0.113281
0.216675
0.176270
0.135864
-0.166748
-0.006001
-24.890625
-0.108032
1.804688
5.253906
0.121155
-2.234375
0.303711
-4.679688
3.619141
1.302734
-2.539062
-5.683594
4.792969
-9.929688
-4.890625
128.125000
1.512695
-17.312500
0.094543
4.929688
2.792969
3.404297
-1.170898
0.036560
-0.029724
0.104797
-0.042297
0.206665
-0.198486
-0.079956
-0.756836
0.168213
14.867188
-0.100525
-8.117188
-3.246094
0.082336
-1.105469
0.062256
-2.306641
6.976562
-0.626465
4.691406
-8.335938
-6.988281
5.722656
10.250000
-5.785156
9.914062
6.656250
-6.121094
5.976562
-0.872559
-0.994629
-1.685547
0.013954
-0.056854
0.080627
0.069702
0.123657
0.064575
0.066956
0.397949
-0.143921
-26.437500
-0.277100
1.332031
2.916016
0.635254
-2.306641
0.355225
-3.919922
3.183594
0.486816
-2.558594
-6.082031
4.664062
-10.570312
-4.359375
128.250000
1.302734
-18.250000
0.345215
5.105469
2.662109
3.730469
-1.359375
0.021240
0.023941
-0.078125
-0.240112
0.254639
-0.596680
-0.172363
-2.255859
0.287598
15.625000
-0.437256
-6.609375
-3.925781
-0.238647
-2.175781
0.130981
-3.017578
6.382812
-0.832031
3.076172
-7.523438
-7.433594
5.000000
9.234375
-5.566406
10.554688
6.628906
-5.195312
5.316406
-1.438477
-1.213867
-1.426758
0.085876
-0.108276
0.271484
0.107300
0.429688
-0.003994
0.391113
-0.409424
-0.084106
-22.421875
-0.207642
1.333008
4.355469
0.451172
-2.001953
0.541016
-4.359375
2.734375
0.132812
-2.419922
-4.730469
5.976562
-10.382812
-5.789062
126.000000
1.786133
-16.375000
-0.352539
4.812500
2.279297
3.015625
-0.981934
-0.041016
0.016068
0.062195
0.046387
0.106689
-0.025970
0.073425
-2.808594
-0.157471
16.796875
0.177002
-11.078125
-6.070312
-0.649414
1.055664
0.025421
-1.810547
8.890625
-0.549316
5.664062
-8.406250
-6.222656
6.449219
10.742188
-7.148438
8.507812
6.257812
-7.074219
6.746094
-0.390869
-0.003378
-1.337891
0.005211
-0.068848
0.109802
0.068604
0.094727
0.252686
0.039124
0.216187
-0.160156
-29.437500
0.073364
1.961914
4.714844
0.261719
-2.892578
-0.039520
-4.992188
4.082031
2.283203
-2.703125
-7.402344
3.591797
-9.578125
-3.621094
131.375000
1.452148
-19.125000
0.173584
4.875000
1.914062
4.570312
-2.136719
-0.083862
0.072632
0.091919
0.530762
0.095886
-0.081970
-0.020126
6.093750
0.550293
-15.367188
-0.579590
1.145508
1.908203
-0.693359
-40.062500
1.801758
-0.635254
-4.824219
4.792969
-8.304688
4.480469
4.406250
23.921875
-1.503906
-4.582031
-1.748047
-0.438232
-0.960938
1.186523
0.219238
-1.402344
-0.741211
0.022995
0.129761
-0.286865
0.170166
-0.522949
0.483643
0.899902
1.451172
-0.336182
-5.289062
-0.142334
9.882812
-3.148438
1.878906
16.718750
-0.429443
-4.890625
-7.457031
-0.953613
7.464844
-4.128906
4.566406
10.710938
5.054688
23.015625
4.757812
-1.318359
0.070129
-0.139648
-0.733887
0.672363
-0.433838
-0.027313
0.042236
0.035309
0.217529
0.223999
-0.432129
-0.582031
4.656250
0.845215
-14.164062
-0.703125
1.883789
3.191406
-0.897949
-42.812500
2.666016
-0.254395
-3.664062
4.058594
-7.980469
3.908203
4.273438
23.906250
-2.080078
-4.644531
-2.525391
0.745605
-0.996582
2.093750
-0.016846
-1.486328
-0.471680
0.035400
0.051941
-0.140869
0.099548
-0.065247
0.315186
0.379639
4.988281
-0.127563
-6.304688
-0.418701
10.257812
-2.529297
1.785156
17.250000
-0.120056
-5.156250
-8.992188
-0.409912
7.210938
-6.281250
3.726562
9.648438
6.214844
21.859375
5.152344
-1.303711
-0.053802
-0.403564
-0.060394
0.901855
-0.601562
0.059875
-0.234009
0.315430
0.260986
0.421387
-0.461182
-0.359619
5.378906
0.696777
-14.773438
-0.452637
0.722656
1.217773
-1.134766
-40.250000
1.776367
-2.263672
-4.492188
5.343750
-8.406250
4.074219
4.210938
23.890625
-1.012695
-3.943359
-0.112244
-0.182373
-0.869629
1.194336
0.041260
-0.454346
-0.630371
-0.146118
0.135620
-0.108276
0.449219
-0.341064
0.413818
0.744141
2.712891
-0.107483
-6.714844
-0.323486
9.765625
-2.316406
2.523438
16.171875
-0.292725
-3.964844
-7.378906
-0.204468
7.593750
-1.612305
4.601562
11.437500
4.343750
22.015625
4.664062
-1.930664
0.410889
0.270020
0.891113
0.627930
-0.139038
-0.070740
-0.021744
0.095032
0.061310
0.239258
-0.363037
-0.420898
5.882812
0.566895
-13.515625
-0.470703
0.832520
0.273438
-1.569336
-39.156250
1.998047
-1.667969
-5.496094
4.839844
-7.851562
4.324219
5.167969
22.750000
-1.055664
-6.046875
-0.522461
-0.869141
-1.928711
1.789062
0.972168
-0.581055
-0.522949
-0.036499
0.040985
-0.068298
0.111694
-0.025589
0.417725
0.238403
2.892578
-0.099976
-6.035156
-0.416016
8.859375
-3.667969
1.081055
17.812500
-0.057190
-3.490234
-6.640625
0.101990
7.878906
-2.050781
5.886719
12.312500
5.042969
23.593750
4.812500
-2.435547
0.129761
-0.137207
1.670898
1.696289
-1.439453
0.025665
-0.032959
0.168579
-0.080200
0.499512
-0.379150
-0.122192
6.742188
0.380127
-14.726562
-0.065796
-0.425781
-1.235352
-1.395508
-37.406250
0.587891
-1.385742
-6.191406
6.156250
-8.789062
3.417969
4.539062
23.171875
-0.641602
-5.191406
0.123840
-0.994141
-1.804688
1.471680
1.375000
-0.204346
0.244751
-0.010483
-0.064026
0.260986
0.519043
-0.259521
0.338379
0.989258
0.033051
-0.080322
-6.238281
-0.028503
8.695312
-4.058594
2.507812
16.031250
-0.314209
-4.605469
-6.167969
-0.788086
7.878906
0.127808
4.953125
12.757812
3.582031
24.171875
4.800781
-2.324219
0.616211
0.944824
0.766113
1.350586
-1.166016
0.049957
-0.044312
0.079834
0.054718
0.054230
-0.259277
-0.551270
3.873047
0.925781
-13.773438
-0.787109
1.343750
4.480469
-0.798828
-42.281250
2.703125
-0.976562
-3.757812
3.583984
-7.535156
5.191406
4.863281
23.531250
-1.770508
-4.835938
-2.476562
0.558594
-1.035156
1.787109
-0.230225
-1.031250
-0.592285
-0.011833
0.006557
-0.029800
0.124512
-0.045074
0.295410
0.144653
6.453125
-0.196289
-7.273438
-0.657715
10.281250
-2.435547
0.905762
17.203125
-0.020996
-5.246094
-8.398438
-0.040771
7.523438
-6.109375
4.105469
10.343750
6.648438
21.750000
5.312500
-1.165039
-0.399170
-0.803223
-0.451904
0.704102
-0.643555
0.057953
0.050964
-0.115417
0.090637
0.049377
-0.116638
0.060638
0.719238
0.181274
-2.343750
-0.146729
0.071838
-1.427734
0.141724
-7.375000
-0.131226
-6.386719
-2.359375
-3.552734
1.639648
2.923828
-7.144531
19.000000
-3.480469
8.445312
7.031250
5.316406
-2.750000
3.011719
-1.348633
-0.431641
-1.335938
0.021896
-0.062622
-0.022827
-0.064209
-0.095825
0.222412
0.306641
-4.476562
-0.229614
0.827637
0.018250
0.538086
0.288818
1.414062
3.468750
0.067871
-1.537109
-11.023438
-1.974609
-2.228516
9.742188
-1.633789
-10.007812
-3.740234
-60.562500
-7.453125
-7.863281
-2.681641
1.305664
-0.373291
2.337891
-1.234375
-0.006710
-0.062195
0.133667
-0.083191
0.260986
-0.391846
-0.360107
0.217651
0.403564
1.658203
-0.345215
-0.424805
-1.314453
-0.174805
-7.625000
-0.113159
-5.199219
-1.780273
-3.404297
1.239258
0.433594
-8.156250
19.125000
-3.001953
8.023438
5.132812
5.929688
-2.173828
3.201172
-0.814453
-1.738281
-0.522949
-0.030960
0.008797
0.101929
0.167236
0.079651
0.050201
0.180298
0.094788
0.071167
-0.150269
-0.413086
0.291504
-0.481934
1.182617
1.855469
0.452637
-3.361328
-10.851562
-1.887695
-3.242188
8.609375
-2.357422
-10.062500
-2.669922
-60.312500
-8.812500
-8.132812
-2.900391
1.210938
-0.273926
2.417969
-0.907715
-0.031219
-0.027740
0.105835
0.021133
0.128784
-0.271484
-0.177856
1.866211
0.325195
-1.492188
-0.287598
0.377197
-1.847656
1.425781
-7.242188
-0.007812
-6.492188
-1.672852
-2.646484
1.445312
2.921875
-7.492188
19.359375
-3.228516
8.023438
8.781250
5.527344
-2.052734
2.822266
-1.825195
0.905762
-0.883789
0.007420
0.019363
0.005432
0.114746
-0.018890
0.107300
0.233154
-4.804688
-0.177246
0.985352
-0.131592
0.599121
-0.708984
1.524414
4.792969
0.183594
0.961426
-12.578125
-1.791016
-2.347656
10.453125
-1.993164
-8.992188
-3.701172
-62.187500
-7.976562
-8.117188
-2.240234
1.498047
1.803711
1.534180
-0.852539
0.016602
-0.046722
0.128784
-0.081177
0.396484
-0.567383
-0.404785
0.234009
0.503418
-0.240112
-0.378906
-0.601562
-4.359375
-0.342773
-5.566406
-0.070435
-5.425781
-2.390625
-3.480469
1.275391
2.443359
-7.722656
18.046875
-3.035156
5.285156
6.335938
5.089844
-2.000000
2.212891
-1.646484
-1.044922
-1.300781
-0.013466
-0.014732
0.131958
0.233887
0.054718
0.195190
0.612793
-5.074219
-0.245850
-0.210449
-0.257080
0.034302
1.124023
0.291992
6.035156
0.351074
2.910156
-12.648438
-1.406250
-2.875000
9.570312
-1.556641
-9.914062
-3.585938
-60.312500
-8.796875
-7.367188
-2.583984
1.357422
1.475586
1.284180
-0.157349
0.077637
-0.049225
0.079529
-0.260498
0.380371
-0.616211
-0.550293
3.308594
0.593750
-4.992188
-0.304688
-0.522949
-5.226562
0.627441
-7.789062
-0.002741
-6.464844
-2.615234
-2.482422
1.372070
4.757812
-6.285156
18.390625
-3.849609
5.988281
7.355469
4.703125
-1.691406
1.811523
-1.101562
-1.197266
-1.161133
0.051544
-0.119873
0.322998
0.258545
0.300293
-0.042542
0.386230
-9.031250
-0.190186
0.204956
-0.251465
1.052734
-0.497314
1.443359
5.953125
0.270996
1.461914
-12.281250
-1.218750
-1.865234
10.265625
-1.208984
-9.117188
-4.035156
-59.218750
-5.628906
-6.757812
-1.534180
1.671875
1.570312
1.602539
-1.074219
0.012291
-0.003799
0.053772
-0.031342
0.156738
-0.238647
-0.172974
-1.455078
0.216187
1.528320
-0.350586
-0.593262
-0.264404
-0.831543
-4.773438
-0.016800
-5.964844
-2.808594
-4.210938
1.909180
0.654785
-8.984375
19.015625
-2.167969
8.742188
6.246094
6.011719
-2.986328
3.810547
-1.250977
-0.866699
-0.793945
0.008820
0.002193
0.032288
0.127563
0.037231
0.154907
0.295898
0.758789
-0.111084
0.588379
-0.186890
-0.113831
1.359375
0.326172
2.906250
0.494141
-2.175781
-9.953125
-2.359375
-3.308594
9.492188
-2.664062
-10.257812
-3.511719
-61.312500
-10.140625
-8.976562
-2.986328
0.928223
-0.860352
2.210938
-0.679199
0.052979
-1.025391
8.625000
8.476562
4.816406
0.941895
8.304688
-1.199219
0.685059
4.449219
2.302734
-1.014648
-11.226562
-1.999023
2.656250
2.886719
1.968750
-0.089355
6.917969
-4.558594
-6.968750
-3.203125
-4.507812
-3.546875
4.648438
-0.402588
2.646484
-2.121094
2.083984
1.599609
0.558105
-0.075684
-0.314453
-0.027176
-1.398438
7.031250
-10.773438
12.343750
8.179688
8.054688
-12.742188
-2.263672
8.539062
-0.880859
-0.216064
0.078857
-3.619141
1.155273
3.992188
-3.722656
-3.783203
-4.281250
0.448242
2.480469
-5.312500
-0.708008
6.796875
4.605469
-2.234375
-1.949219
2.248047
-0.162964
2.019531
-2.087891
0.011215
-1.614258
11.023438
7.363281
8.773438
1.902344
9.984375
-2.150391
2.472656
5.945312
3.269531
-0.042145
-12.718750
-1.617188
-0.109375
1.421875
2.101562
-0.166016
6.062500
-3.070312
-6.648438
-3.830078
-3.820312
-3.207031
5.191406
-0.657227
2.560547
-0.748535
1.692383
0.742188
0.882324
0.270752
0.284180
-1.716797
2.853516
10.429688
-9.578125
11.828125
9.289062
12.992188
-12.617188
-2.050781
13.953125
-1.146484
-0.023376
0.751953
-2.902344
-0.182983
2.414062
-3.517578
-3.910156
-3.859375
-0.594727
1.005859
-5.539062
0.153320
6.382812
3.843750
-1.110352
-2.302734
1.510742
-0.656738
0.635254
-0.671875
0.298340
-0.368408
7.085938
3.859375
8.515625
-1.602539
7.375000
-1.825195
1.624023
3.662109
2.363281
-0.566406
-10.625000
-1.097656
1.638672
2.748047
0.389648
0.905273
6.839844
-4.824219
-7.175781
-3.576172
-4.539062
-2.951172
5.441406
0.441406
2.294922
-1.456055
1.464844
0.771484
0.829590
-0.398682
0.313232
-1.549805
5.582031
10.531250
-8.375000
12.226562
9.437500
5.945312
-12.601562
-1.004883
9.218750
-0.288086
0.286133
0.711426
-4.214844
0.571777
3.074219
-4.375000
-2.535156
-3.687500
1.916992
2.552734
-5.859375
-1.101562
6.011719
4.105469
-2.041016
-1.504883
1.709961
0.105469
1.179688
-1.251953
-0.151245
0.768555
4.964844
1.037109
10.867188
-1.749023
7.718750
-3.294922
2.539062
3.699219
2.052734
-1.101562
-10.515625
-2.011719
2.984375
2.250000
1.377930
0.457520
6.066406
-3.957031
-5.808594
-2.623047
-5.335938
-4.476562
4.527344
-0.036346
2.013672
-1.639648
1.814453
0.738770
0.610352
-0.150146
0.170044
-1.594727
8.992188
12.210938
-6.816406
12.414062
10.382812
5.398438
-12.898438
-0.856934
11.726562
-0.638184
-0.405518
-0.966309
-3.189453
0.174194
4.539062
-2.820312
-2.468750
-4.125000
0.492432
2.761719
-5.007812
-0.583008
6.011719
4.585938
-1.692383
-1.314453
2.591797
0.552734
1.457031
-0.892578
-0.329834
-0.175049
0.256104
-1.964844
9.578125
-6.933594
3.523438
-1.213867
1.090820
3.582031
1.166992
-2.099609
-11.351562
-2.628906
4.382812
3.904297
1.409180
-0.154907
7.257812
-5.671875
-8.093750
-3.085938
-5.562500
-3.917969
4.730469
0.478516
2.728516
-2.937500
2.455078
1.498047
-0.060913
-0.522949
0.450439
-0.358643
6.558594
9.296875
-5.984375
11.031250
9.554688
0.753906
-12.390625
-1.615234
4.125000
-0.846191
-2.058594
-0.099243
-4.609375
1.960938
4.062500
-4.191406
-2.523438
-4.753906
1.909180
3.695312
-6.617188
-1.996094
6.941406
5.519531
-3.142578
-0.861816
2.724609
1.788086
2.748047
-2.646484
0.265625
2.697266
-4.222656
-5.851562
12.984375
-3.054688
7.296875
-4.601562
4.507812
4.769531
2.300781
0.132568
-10.609375
-1.484375
1.159180
1.376953
1.387695
-0.747559
5.308594
-2.300781
-5.617188
-3.789062
-3.632812
-2.251953
5.062500
-1.114258
2.462891
-0.557617
1.194336
0.657715
0.215332
0.143188
-0.278564
0.885742
11.140625
11.226562
-1.524414
12.148438
12.101562
12.906250
-12.367188
-0.347412
15.070312
-1.158203
-0.056519
-0.075073
-1.760742
-0.541016
4.160156
-2.695312
-4.656250
-3.673828
-0.608887
0.859375
-4.960938
-0.115417
6.167969
3.398438
-0.791504
-2.273438
1.674805
-1.450195
0.470947
-0.307617
0.047821
-0.006641
-0.120422
0.049103
0.040039
0.063110
0.111694
0.405273
-0.074036
8.562500
0.175659
-0.277588
-2.283203
-0.307129
2.345703
0.513672
-29.062500
-12.015625
11.875000
-2.617188
14.437500
1.220703
-32.500000
-12.914062
-66.562500
8.601562
18.406250
-13.820312
17.687500
-3.673828
-7.382812
-6.875000
-0.022476
-0.105835
0.012405
-0.084473
-0.117920
-0.004612
-0.021912
-0.823730
0.036804
1.354492
0.088989
-3.716797
0.137573
1.015625
8.898438
-0.733398
-46.250000
-4.902344
5.363281
-4.867188
14.640625
-22.828125
9.015625
-2.789062
10.125000
26.468750
-20.000000
-12.359375
1.778320
7.910156
10.554688
-4.757812
-0.098267
0.151367
-0.127686
0.334473
0.201660
-0.208740
-0.017319
-0.025909
0.186768
9.054688
-0.302490
-0.137207
-2.615234
0.382324
1.885742
0.608887
-28.921875
-13.210938
11.117188
-1.883789
14.859375
0.770020
-31.593750
-12.578125
-67.937500
8.625000
18.468750
-13.476562
17.015625
-4.085938
-8.265625
-7.230469
0.089844
0.030945
-0.338379
-0.058472
-0.440918
0.368896
0.412354
-1.346680
-0.324463
1.964844
-0.017548
-5.097656
-0.217407
0.437988
10.546875
-0.611328
-45.281250
-4.015625
5.687500
-5.062500
14.875000
-23.515625
9.148438
-3.300781
10.906250
25.453125
-19.843750
-13.484375
1.515625
8.617188
10.718750
-4.230469
0.013382
-0.004425
0.045471
0.001351
0.229126
-0.201050
-0.210938
1.140625
0.163818
8.140625
-0.038452
-0.522461
-2.246094
-0.520020
2.080078
0.280762
-28.437500
-11.914062
11.820312
-2.812500
14.109375
1.213867
-32.312500
-13.015625
-66.062500
8.593750
18.296875
-14.007812
17.812500
-3.398438
-7.402344
-6.992188
-0.000550
0.003462
0.012360
0.090027
0.024323
-0.052582
-0.025406
-0.804199
0.024200
1.638672
-0.109863
-3.503906
-0.534180
1.128906
8.695312
-0.597168
-45.875000
-5.000000
5.167969
-4.843750
14.250000
-22.515625
8.710938
-2.765625
10.250000
26.453125
-19.968750
-12.343750
1.745117
7.992188
10.765625
-5.167969
0.027405
0.038757
-0.013153
0.010963
-0.035248
0.057953
0.067993
0.333984
-0.050385
8.796875
0.100281
0.527832
-1.736328
-0.532227
1.902344
-0.045746
-29.453125
-11.671875
11.382812
-2.552734
14.359375
1.182617
-32.406250
-12.710938
-65.875000
8.273438
17.812500
-13.281250
17.046875
-2.720703
-7.242188
-6.105469
-0.008636
-0.042572
-0.010338
-0.021835
-0.008278
-0.044434
0.003689
-0.642090
0.011284
2.244141
0.036621
-3.937500
0.382568
0.629883
9.281250
-0.696289
-46.812500
-4.175781
5.402344
-4.777344
14.648438
-22.734375
9.281250
-3.365234
9.843750
26.031250
-19.500000
-11.945312
1.292969
8.000000
10.289062
-4.683594
0.038696
-0.021057
0.026779
0.023346
0.098572
-0.069214
-0.015602
1.280273
0.079773
7.269531
-0.040863
-0.830566
-1.894531
-0.749023
2.080078
0.333008
-28.765625
-10.335938
12.960938
-3.753906
13.476562
1.290039
-33.218750
-13.804688
-64.562500
9.007812
18.250000
-14.859375
18.953125
-3.240234
-6.765625
-7.164062
-0.000620
0.002134
0.024139
0.054596
0.049744
0.033081
0.063171
-0.130127
-0.038269
1.251953
0.030426
-1.421875
0.066345
1.680664
6.781250
-0.623535
-47.093750
-6.179688
5.023438
-4.976562
14.031250
-21.546875
8.148438
-2.318359
9.257812
27.609375
-20.578125
-11.429688
2.019531
7.992188
11.171875
-6.230469
0.058197
-0.010315
0.142700
0.049835
0.338867
-0.234131
-0.143311
0.023468
0.197388
9.687500
-0.279053
0.849121
-2.679688
-0.064026
1.841797
0.660645
-28.687500
-13.835938
10.687500
-1.407227
15.117188
1.156250
-31.718750
-12.062500
-68.000000
8.257812
18.250000
-12.757812
16.234375
-3.353516
-8.023438
-6.468750
-0.032379
0.000413
-0.069397
0.173462
-0.063660
-0.046600
0.079895
-1.206055
-0.161133
2.849609
-0.019211
-6.808594
-0.337402
0.068481
11.453125
-0.756348
-45.406250
-3.441406
5.664062
-4.886719
14.914062
-23.812500
9.835938
-3.500000
10.906250
25.031250
-19.312500
-13.273438
1.491211
8.187500
10.171875
-3.650391
